0.120478
0.00452524
0.0046102
0.00412231
0.00365279
0.00448731
0.00513889
0.003564
0.00934488
0.00466993
0.00523982
0.00478828
0.00424631
0.0050894
0.00538823
0.00422292
0.00405118
0.00467252
0.00755731
0.0120684
0.00437068
0.057882
0.0542009
0.050452
0.00460438
0.00440574
0.00468724
0.00499981
0.00569473
0.00453693
0.0112272
0.00531956
0.00469036
0.0170754
0.00421862
0.0309864
0.00456819
0.00413493
0.00419182
0.0126875
0.0038557
0.00411017
0.00393794
0.00531312
0.00397474
0.00593118
0.00669154
0.00630408
0.00648526
0.00432156
0.00420116
0.00555397
0.00725526
0.00792335
0.00459624
0.00449722
0.00490664
0.00580568
0.00796059
0.00492401
0.00549601
0.00769877
0.00408896
0.00370993
0.00398166
0.00435206
0.00488221
0.00451386
0.00432899
0.00541403
0.00529278
0.004967
0.00548251
0.00521904
0.00442218
0.00511718
0.0049196
0.00734775
0.00440019
0.0159237
0.00396441
0.00690671
0.00583783
0.00593704
0.00395155
0.00447149
0.0226597
0.00543278
0.0068771
0.0211693
0.00423703
0.00394521
0.00494239
0.00442444
0.00390324
0.00459526
0.00761255
0.00433238
0.00467736
0.00457579
0.00413474
0.00539515
0.00641291
0.00455988
0.00589992
0.00361072
0.00583596
0.00588484
0.0064947
0.00507213
0.00563374
0.0106004
0.00573958
0.00650927
0.00580898
0.00523005
0.00705912
0.00473776
0.0035687
0.00644874
0.0179174
0.00406792
0.012954
0.00476492
0.00509255
0.00679937
0.0126626
0.00698146
0.0062488
0.00440906
0.00614594
0.00509445
0.00421348
0.0379675
0.055855
0.00511681
0.00419842
0.00813356
0.0178533
0.025942
0.00580784
0.00446713
0.0045083
0.00448438
0.00419096
0.0300561
0.0123853
0.00588452
0.00595382
0.00494154
0.00807079
0.0101316
0.0224968
0.0290971
0.00681273
0.00573035
0.0348796
0.00526084
0.0404169
0.0231903
0.0165143
0.0260171
0.0230414
0.0321363
0.0248503
0.00509991
0.00494751
0.0149096
0.0727259
0.0531574
0.0343835
1.97932
0.00749107
0.00975322
0.0238785
0.049362
0.0340704
0.0347144
0.0316712
0.0432215
0.302546
0.0275702
0.0374478
0.00494995
0.00474885
0.0378307
1.77025
0.0708237
0.136947
0.019502
0.128661
0.0721931
0.0206498
0.0182975
0.0594156
0.102521
0.0594194
0.0222418
0.0699547
0.0902928
0.0273205
0.283594
0.0233135
0.0522884
0.0589044
0.0315708
0.0372809
0.0609245
0.0732146
0.0303485
0.0212657
0.0241887
0.0258799
0.225164
0.0243253
0.0245748
0.0214023
0.00730437
0.00774897
0.00494494
0.0364398
0.0143712
0.0670022
0.0287378
0.0675106
0.0201429
0.00701537
0.0116955
0.0333564
0.0338083
0.0224949
0.00902068
0.00394919
0.00459888
0.00743519
0.0111801
0.00672205
0.021308
0.012321
0.0357444
0.0499071
0.0252954
0.0259191
0.0163077
0.0106263
0.0551313
0.00394151
0.0590948
0.0541872
0.0380869
0.0234076
0.00605369
0.00459704
0.00509785
0.00392459
0.00426612
0.00648102
0.0349522
0.00436774
0.00420712
0.00522096
0.0311187
0.00435973
0.00447947
0.0199735
0.00976315
0.00447191
0.00537947
0.00362247
0.00485286
0.00463172
0.00426258
0.0056949
0.00564642
0.00416888
0.00801981
0.00482964
0.00594519
0.00693859
0.00423222
0.00535636
0.00396333
0.00402942
0.00509771
0.00399799
0.00450972
0.0090595
0.00452389
0.00469045
0.00389442
0.00462222
0.00559294
0.0047032
0.00391311
0.00533607
0.00395351
0.0050367
0.00518643
0.00494849
0.00429901
0.00451833
0.0052764
0.0044764
0.00493306
0.00767883
0.00496039
0.00608348
0.00548856
0.0057302
0.00581039
0.0044399
0.0045185
0.00576718
0.0221685
0.00692005
0.00516709
0.00585446
0.00759166
0.00851356
0.00702647
0.0103627
0.00707993
0.00768347
0.00664617
0.0300911
0.00564481
0.00745733
0.00603322
0.00927115
0.00556603
0.00602084
0.00704537
0.00554639
0.00725153
0.00656601
0.0065726
0.00709852
0.00994517
0.00703664
0.00627723
0.00608047
0.00755615
0.0063366
0.00431833
0.00442149
0.0039458
0.00369118
0.00422845
0.00447233
0.00356975
0.00484047
0.0039103
0.00574863
0.00506475
0.00357811
0.00394691
0.00429094
0.00363474
0.00385471
0.00436617
0.00463376
0.00374231
0.0053006
0.00444497
0.00421027
0.00892742
0.00568368
0.00512645
0.00404207
0.0205686
0.00452162
0.00447641
0.00412034
0.00464952
0.00415558
0.00352247
0.00463777
0.00361149
0.00529144
0.005147
0.00741475
0.00405606
0.00504514
0.00382236
0.00366183
0.00595658
0.0038887
0.00370221
0.00429925
0.00343206
0.00495573
0.00451782
0.00506229
0.00394572
0.00439085
0.00550399
0.00448745
0.0367162
0.00446193
0.0056154
0.00599032
0.0043777
0.0069971
0.00427844
0.00447721
0.00496556
0.00457599
0.0050541
0.00495078
0.00509666
0.00601052
0.0199067
0.00527114
0.00408037
0.0069445
0.00608705
0.00574728
0.00430561
0.00432613
0.0082385
0.00426968
0.00350414
0.00423
0.00461458
0.00741852
0.022129
0.00407499
0.00366726
0.00511083
0.00523633
0.00465269
0.00427924
0.00655812
0.00392766
0.00646916
0.0140055
0.00621375
0.00505439
0.00458523
0.0042482
0.00471651
0.00459726
0.00471427
0.0152559
0.00711019
0.00482063
0.00585468
0.00365532
0.00451822
0.00549993
0.0038382
0.00659471
0.00432505
0.00387007
0.00451466
0.00431286
0.00563316
0.00631929
0.00477129
0.00435934
0.00469355
0.00589699
0.00621826
0.00406826
0.00467277
0.00565423
0.00544823
0.00532163
0.00673375
0.00366264
0.00497731
0.0037137
0.00469945
0.00410315
0.00485889
0.00654814
0.00540575
0.00449397
0.00353583
0.00612486
0.00416188
0.0266311
0.00457542
0.00368386
0.00472376
0.00592285
0.00367714
0.00470256
0.00542158
0.006257
0.00475184
0.060044
0.00566585
0.0039642
0.00413627
0.00671009
0.00647204
0.00554718
0.0136848
0.0058587
0.006303
0.00590149
0.00547429
0.00453742
0.00396468
0.00523907
0.00396187
0.0039327
0.00994845
0.00458728
0.00484355
0.0115891
0.00676268
0.00719604
0.00478873
0.00499471
0.00508137
0.00564227
0.00495942
0.00420886
0.00574275
0.00457561
0.00562312
0.00487704
0.00417888
0.00783201
0.00521624
0.00483668
0.00458797
0.00564382
0.00424469
0.00424004
0.00425323
0.00371227
0.00660732
0.00506426
0.0062613
0.0299621
0.033461
0.00505003
0.00596928
0.00586977
0.00440169
0.00452605
0.00441213
0.006103
0.00428535
0.00430157
0.00522109
0.00554986
0.00465368
0.00633533
0.00520178
0.00609222
0.0047291
0.00924003
0.00396028
0.00441322
0.00535854
0.00441717
0.00385107
0.00437542
0.00475145
0.00430293
0.00704703
0.00445079
0.00450543
0.00453085
0.00557698
0.00440801
0.0287639
0.00442903
0.00561039
0.00501028
0.00795396
0.00933912
0.00446469
0.0045792
0.0068195
0.00523659
0.00503668
0.00440628
0.00619416
0.0054728
0.00552794
0.00566644
0.00434462
0.00468289
0.00450238
0.00703594
0.00826781
0.00856905
0.00417922
0.0222019
0.0042273
0.00367469
0.00442968
0.00507631
0.00511838
0.00359794
0.00431273
0.0049022
0.00652629
0.00605449
0.0139574
0.00395078
0.00375225
0.00471276
0.00392829
0.00375111
0.00481938
0.00520556
0.00442562
0.00522257
0.00472775
0.00638416
0.0045949
0.00453824
0.00517451
0.0052988
0.00583684
0.00368971
0.00345304
0.00509643
0.00493889
0.00464698
0.00640292
0.00370121
0.00349994
0.00502536
0.00392993
0.0044547
0.00446207
0.00562278
0.00504794
0.00340159
0.00395848
0.00435228
0.00589672
0.00655295
0.00343564
0.00444133
0.00462765
0.00387106
0.00569856
0.00445471
0.00515753
0.00424517
0.00359766
0.0305381
0.0037474
0.00410457
0.00736763
0.00464988
0.00376161
0.00515447
0.00385265
0.00489575
0.00468484
0.0055742
0.00504685
0.00452338
0.00385527
0.00383582
0.00458657
0.00384719
0.00409967
0.00745233
0.00451886
0.00370166
0.00677194
0.00446059
0.00571908
0.00652295
0.00770466
0.0819297
0.0079813
0.0155909
0.222295
0.00502913
0.00653861
0.00660483
0.00507942
0.00368794
0.00492664
0.00404007
0.00368369
0.00427228
0.0036399
0.00473629
0.00372255
0.00430906
0.0034428
0.0037699
0.00438102
0.00467727
0.00452535
0.00376354
0.113773
0.0983875
0.00367416
0.00378183
0.00480524
0.00358264
0.00457435
0.027051
0.00366164
0.00432805
0.00450499
0.00369769
0.00591883
0.00440766
0.00420849
0.00474272
0.00432817
0.00450726
0.00496162
0.0057323
0.00401501
0.00467591
0.0064017
0.00367059
0.00486236
0.00475876
0.005063
0.00441591
0.00443083
0.00510366
0.00442332
0.00379841
0.00354947
0.0055043
0.00375286
0.0035672
0.0035353
0.00404682
0.00354597
0.00356717
0.00360059
0.00532817
0.00433281
0.00534824
0.00359517
0.00362416
0.00452881
0.00356213
0.00425853
0.00768077
0.00355062
0.00462243
0.00539
0.00384748
0.0044211
0.00446089
0.00507006
0.00456893
0.00472896
0.00360049
0.00450874
0.00461885
0.00396075
0.020215
0.00576074
0.00380704
0.00572228
0.00456723
0.00459944
0.00418353
0.004469
0.00394915
0.00518162
0.00431563
0.00448678
0.00448776
0.00526442
0.00490216
0.00458902
0.00351356
0.00383601
0.00405312
0.00453442
0.00470516
0.00406064
0.00470482
0.00349685
0.00620017
0.00492559
0.00387232
0.00451887
0.00451952
0.00446169
0.00562278
0.00487953
0.00374193
0.00462843
0.00501243
0.0039302
0.00462961
0.00409462
0.00406297
0.00464421
0.00425369
0.00407963
0.00469925
0.00514727
0.0039665
0.0049253
0.00455142
0.0035166
0.00437945
0.0054371
0.00364515
0.00469086
0.00460247
0.00448971
0.00438733
0.00529513
0.0317091
0.0084103
0.00478226
0.00365152
0.00539693
0.00491691
0.00373696
0.00443935
0.00460802
0.0035487
0.00443554
0.00695387
0.00437607
0.0053636
0.00481702
0.00387292
0.00464559
0.00440618
0.00410876
0.00461389
0.00485804
0.00355505
0.00496686
0.00454055
0.00358908
0.00511047
0.00589731
0.0036634
0.00515786
0.00435163
0.00371204
0.00504597
0.00485158
0.00462458
0.00531336
0.00508493
0.00359197
0.00445586
0.00424459
0.00353303
0.00399538
0.00468023
0.00405973
0.00496611
0.00418157
0.0050011
0.00390615
0.00484739
0.00383623
0.00391398
0.00392074
0.00425633
0.00519306
0.0045195
0.00344351
0.00530756
0.0265484
0.00419784
0.00441009
0.00496655
0.00395135
0.00486824
0.00454688
0.00465781
0.00497722
0.00460854
0.00438899
0.00495499
0.00611333
0.00491792
0.00362118
0.00452292
0.00459159
0.00352544
0.00561229
0.00363239
0.00392011
0.00532639
0.00507731
0.00447475
0.00519449
0.00349669
0.00502153
0.00444145
0.00421382
0.00431341
0.00471658
0.00382879
0.00466191
0.00529298
0.00563418
0.00439823
0.00469885
0.00364459
0.00405337
0.00422626
0.00439402
0.00455056
0.0042768
0.00447386
0.00378056
0.00406443
0.00387123
0.00467083
0.00422278
0.00395567
0.00494241
0.00536683
0.00468516
0.00445723
0.00419175
0.00435987
0.0278236
0.00429557
0.00389977
0.00536891
0.00487426
0.00440128
0.00505821
0.00525479
0.00367145
0.00657296
0.00504558
0.00392227
0.00412458
0.00442769
0.00356834
0.00481658
0.00489108
0.00351951
0.00538038
0.0049698
0.00439741
0.00430317
0.00367024
0.00697349
0.00354687
0.00418103
0.00365902
0.00512018
0.00462589
0.00396649
0.00455339
0.00452076
0.00428997
0.00478425
0.00483171
0.00356961
0.00424377
0.00506854
0.00501384
0.00507439
0.00518989
0.00361902
0.00558391
0.00497283
0.00354407
0.00543224
0.00462479
0.00360036
0.00453665
0.00508127
0.0240707
0.00449514
0.00512047
0.00426399
0.00436375
0.00496075
0.0289501
0.00451927
0.00509426
0.00410441
0.00433164
0.00557505
0.00375991
0.00517819
0.00528629
0.0034337
0.00549108
0.006047
0.00617764
0.00312381
0.00384838
0.0292531
0.00615049
0.00487085
0.00547503
0.00483229
0.00468135
0.00428704
0.00583326
0.0046441
0.00459733
0.0055683
0.00555425
0.00689062
0.00449644
0.00494195
0.00348479
0.00569514
0.00410868
0.00431859
0.00501458
0.00583154
0.00512964
0.00651602
0.00460999
0.00436701
0.00627898
0.00425466
0.00394566
0.0051572
0.00487804
0.00426584
0.00394855
0.00394657
0.00903555
0.00814526
0.00365906
0.00605581
0.00382715
0.00468031
0.00371718
0.00559593
0.0310338
0.00605445
0.00434705
0.00464126
0.00356766
0.00457417
0.00516501
0.00708826
0.00830818
0.00622251
0.00888956
0.00839931
0.00626853
0.0067698
0.0042556
0.00665805
0.00437524
0.00569259
0.00538743
0.00558204
0.00513914
0.00543365
0.00439187
0.00521505
0.00528658
0.00569691
0.0069575
0.00668425
0.00646007
0.00540263
0.00495174
0.00590803
0.00364625
0.00447151
0.00562783
0.00633404
0.00672507
0.00400611
0.00520571
0.00511525
0.00605923
0.00899048
0.00570021
0.0087757
0.00462443
0.00660377
0.00389543
0.00509734
0.00529554
0.00490062
0.00466068
0.00486929
0.00414687
0.00454548
0.00420189
0.00493189
0.0408589
0.00528503
0.0099688
0.0103459
0.00443458
0.0045038
0.00574288
0.00603033
0.005549
0.0414539
0.00521364
0.0061741
0.00382457
0.00493171
0.00535837
0.00553945
0.00524029
0.00375273
0.00629389
0.00353218
0.00383392
0.00836585
0.00842092
0.00402556
0.00465402
0.00470887
0.00867083
0.00464486
0.00516029
0.00456431
0.00515779
0.00523539
0.0036879
0.00512491
0.00395354
0.00406622
0.00547188
0.00406971
0.00707716
0.00489736
0.00454605
0.00616481
0.0046351
0.00473799
0.00465814
0.00565308
0.00454401
0.00413023
0.00615873
0.00437345
0.00607271
0.00432755
0.00443622
0.00394381
0.00494664
0.00673984
0.0379613
0.00545893
0.00553889
0.00482505
0.00636559
0.00568188
0.00512105
0.00573672
0.00367109
0.00424026
0.00454953
0.00964671
0.00366777
0.0130476
0.00746904
0.00437483
0.00485182
0.00624704
0.0036379
0.00515929
0.00467297
0.00765437
0.00584393
0.00655539
0.00812573
0.00576074
0.00390106
0.00373408
0.00446001
0.0065595
0.00444103
0.00455618
0.00383004
0.00462983
0.00541781
0.00472716
0.00475679
0.00413335
0.00421448
0.00394884
0.00585807
0.00492999
0.00355426
0.00582291
0.00674367
0.00704769
0.00762811
0.00594639
0.00448165
0.00742261
0.00588286
0.00738823
0.00424456
0.00492634
0.00614137
0.00412121
0.0472635
0.00555872
0.00601028
0.0251766
0.00372087
0.00587915
0.0048652
0.00484306
0.00841696
0.00507413
0.00389884
0.00523727
0.00542962
0.00490896
0.00418493
0.0044665
0.00463132
0.00495201
0.00405805
0.00451689
0.00915985
0.00554828
0.00477801
0.00532834
0.004728
0.00472903
0.00497344
0.00474272
0.0037233
0.00494891
0.00457827
0.00443496
0.00472586
0.00509341
0.00514517
0.00920825
0.00434049
0.00381709
0.00464389
0.00388595
0.00350859
0.00425713
0.0065326
0.00639662
0.0041311
0.00373255
0.00513687
0.00461059
0.00494895
0.00366486
0.00572111
0.00495727
0.00336388
0.00432193
0.00531853
0.00472939
0.0346555
0.00388784
0.00475946
0.004251
0.00384883
0.00435499
0.00398459
0.00491644
0.00365054
0.0049805
0.00348205
0.0039633
0.00481773
0.00561041
0.00537979
0.00424346
0.00393165
0.0048116
0.00370905
0.00452481
0.00356576
0.00456689
0.00381437
0.0039313
0.00455133
0.00368069
0.00419954
0.00416924
0.00370659
0.00365107
0.00546734
0.00393988
0.00362788
0.00496804
0.00407718
0.00374094
0.00377065
0.00603438
0.00471718
0.00488273
0.0036089
0.00388995
0.00363731
0.00391805
0.00581077
0.00509206
0.00615955
0.00504259
0.0042402
0.0043223
0.00560609
0.00382796
0.00357077
0.00513013
0.0040431
0.00408341
0.0413706
0.00388917
0.00394852
0.0121438
0.00424417
0.00406014
0.00524178
0.00893927
0.00502833
0.00451425
0.00435595
0.00866588
0.00441862
0.00421481
0.026203
0.00465925
0.00452499
0.00488576
0.00418774
0.00337965
0.00358732
0.00756868
0.00431783
0.00400657
0.00455789
0.00374314
0.0038188
0.00453909
0.00388183
0.00385386
0.00450424
0.00387574
0.00360923
0.00431629
0.00510451
0.00552617
0.00394577
0.00434636
0.00464924
0.00407384
0.00434173
0.00482431
0.00348887
0.00457705
0.00360884
0.00410538
0.00464406
0.00432123
0.00363253
0.00454322
0.00426312
0.00395339
0.00452659
0.00435052
0.00364435
0.00501371
0.0393509
0.00375284
0.00483691
0.00417778
0.00515015
0.00435177
0.00386881
0.00497173
0.00395781
0.00407033
0.011017
0.00585739
0.00368636
0.00389071
0.00463334
0.0052464
0.00375917
0.00504467
0.0041319
0.00440618
0.00540739
0.0048823
0.00401914
0.00507094
0.00376785
0.00422113
0.00389671
0.00390355
0.00395259
0.00482609
0.00407159
0.00444958
0.00442524
0.0130958
0.00485207
0.00515599
0.00511803
0.00750438
0.00928983
0.00632951
0.0216052
0.033791
0.0137076
0.0196984
0.0124622
0.00411202
0.00369199
0.00760081
0.00436754
0.00647472
0.00372006
0.00545812
0.00383561
0.00425685
0.00393886
0.00422673
0.0433342
0.00437363
0.00517403
0.00447111
0.00364941
0.0195448
0.00372927
0.00431755
0.00360101
0.0038564
0.0042007
0.00386432
0.0049146
0.00374937
0.00519853
0.00448777
0.00822519
0.00383454
0.0264215
0.00907913
0.00630593
0.00388195
0.00500744
0.00364878
0.0132223
0.00692762
0.00426468
0.0109241
0.00708773
0.0524775
0.00473268
0.00393651
0.00374541
0.00376905
0.0041795
0.00510785
0.00533287
0.0063601
0.00533382
0.00684633
0.00442517
0.00588064
0.00551183
0.00405904
0.00561119
0.00485883
0.00413693
0.00440754
0.00428673
0.00459299
0.0036538
0.00494082
0.00462022
0.0037434
0.0059712
0.00503973
0.0516895
0.00449353
0.0050544
0.00368199
0.00438045
0.00405774
0.00507346
0.00392916
0.00381847
0.004683
0.00367873
0.00458457
0.00376413
0.00505395
0.00609223
0.00669069
0.00384498
0.00386172
0.00416036
0.00795229
0.00364692
0.00468374
0.00376279
0.00386702
0.00400278
0.00551254
0.0045444
0.00370485
0.00567504
0.00562836
0.00433863
0.00452021
0.00685876
0.00833168
0.00600787
0.00491823
0.00467051
0.0039496
0.00375458
0.00523591
0.00345685
0.00710055
0.00564694
0.0040359
0.00422065
0.00530218
0.00352279
0.00631816
0.0051384
0.00475272
0.00550685
0.00766705
0.00639329
0.00440749
0.00440576
0.00400105
0.0435082
0.00347382
0.00430784
0.00623461
0.00483863
0.00575856
0.00587895
0.00440986
0.00611069
0.00568943
0.00770846
0.00523637
0.00496385
0.00670682
0.0068639
0.0041242
0.0050239
0.00404112
0.00406616
0.00592958
0.00350968
0.00393826
0.00386851
0.00375082
0.00390729
0.00654002
0.00371244
0.00475288
0.00357631
0.00446861
0.00417898
0.00377268
0.00384177
0.0323637
0.0390908
0.89162
0.0282829
0.021563
0.0305566
0.00488215
0.0126671
0.0110382
0.0135284
0.0478729
0.0156814
0.0266902
0.0751812
0.00368362
0.00371199
0.00392723
0.00457705
0.00401956
0.00406825
0.00395013
0.00364268
0.00391047
0.0484451
0.00771121
0.0150238
0.0100932
0.015921
0.0052832
0.00410718
0.00474608
0.00385132
0.00449897
0.00451442
0.00657576
0.0041173
0.00456367
0.00416821
0.00423806
0.00381856
0.00367074
0.00375242
0.00441338
0.00428536
0.00431089
0.00569852
0.00427491
0.00352044
0.00362615
0.00349713
0.00518843
0.00564886
0.00853808
0.00437899
0.00370228
0.00394901
0.00413675
0.00391318
0.00646722
0.00422702
0.00715539
0.00472643
0.00387563
0.0041638
0.00414022
0.00747287
0.0166772
0.0101032
0.00416591
0.00762322
0.00454879
0.00367465
0.00389743
0.0039487
0.00447903
0.00452217
0.00474234
0.00457968
0.00510145
0.0506417
0.0086987
0.00924104
0.00447477
0.00460569
0.00566925
0.0047008
0.00404947
0.00419525
0.00516471
0.00407849
0.00391696
0.00509331
0.0120117
0.00455837
0.00407607
0.0037374
0.00482007
0.00391472
0.00371608
0.00427667
0.00419896
0.00811628
0.00394184
0.0127502
0.0147553
0.00649174
0.00382158
0.00446497
0.0043676
0.00372726
0.00354564
0.00385126
0.00368438
0.00474247
0.00573581
0.00359186
0.00438091
0.00420969
0.00431393
0.00518318
0.00603829
0.00382903
0.00449
0.00375703
0.00393151
0.00360135
0.0036542
0.00434997
0.0142154
0.00371152
0.00384527
0.00404587
0.00433269
0.00409562
0.00441572
0.0509036
0.00475967
0.00920842
0.00420223
0.00372841
0.00366281
0.00363878
0.00404921
0.0045868
0.00467225
0.0045966
0.00470549
0.00439379
0.00391399
0.00437254
0.00376087
0.00394012
0.00428862
0.00475425
0.00519333
0.00408605
0.0059338
0.00375664
0.00562346
0.00453753
0.00374895
0.0042638
0.00476512
0.00371337
0.00461483
0.00463118
0.0112095
0.00459543
0.0038861
0.00413566
0.00394479
0.00529089
0.00595143
0.00406467
0.00411004
0.00513548
0.0040789
0.00412533
0.00462867
0.00395706
0.0043618
0.00404021
0.00484052
0.00482218
0.00375462
0.00568278
0.00619219
0.00367848
0.0048605
0.00394914
0.00406855
0.0563617
0.00450086
0.00396735
0.00500971
0.00467973
0.00398813
0.0048699
0.00478646
0.00559554
0.00507338
0.00671411
0.0235212
0.0049639
0.00469216
0.00371499
0.00446975
0.00470964
0.0039175
0.00487048
0.00495751
0.00382676
0.00462111
0.00465256
0.00395439
0.00539704
0.0222717
0.00369278
0.00397185
0.00410986
0.0037461
0.0040932
0.00386735
0.00389061
0.00460876
0.00503791
0.00418803
0.0247547
0.00414681
0.00408449
0.00387654
0.00386744
0.0040472
0.00375749
0.00404772
0.00391306
0.00481166
0.00511041
0.00393763
0.00393022
0.00393099
0.00389944
0.0040591
0.00367755
0.00406286
0.00392059
0.0040281
0.0564539
0.00403334
0.00388886
0.00519524
0.00503
0.00501552
0.0043706
0.00391689
0.00371941
0.0039316
0.0037489
0.00418521
0.00385462
0.00394022
0.00393021
0.00520649
0.00364848
0.00487477
0.00386873
0.00367809
0.00445939
0.00420826
0.00369789
0.00454798
0.00642233
0.00703405
0.0045147
0.00722381
0.0129193
0.0044601
0.00495647
0.00394897
0.00364447
0.00407204
0.00500741
0.0057561
0.00430781
0.0090879
0.00354785
0.00370123
0.00395241
0.00376471
0.00461917
0.00454503
0.00446428
0.00414717
0.00455269
0.00513974
0.00426424
0.0054142
0.00403242
0.00418109
0.00380464
0.0045467
0.00461907
0.00392857
0.0539126
0.00435963
0.00405254
0.00417831
0.00423235
0.00790466
0.00337754
0.00387478
0.0262094
0.00463175
0.00454986
0.00608078
0.00443559
0.00388654
0.00355962
0.00756467
0.00403808
0.00377162
0.00429381
0.00353369
0.00503982
0.00444238
0.00644063
0.00937719
0.00468477
0.00444175
0.00445065
0.00364654
0.0045728
0.00454654
0.00500498
0.00674649
0.00373836
0.00435801
0.00764264
0.00436182
0.00382302
0.00336348
0.004186
0.00384659
0.0039386
0.00376524
0.00388178
0.00528801
0.00480716
0.00448543
0.00368426
0.0037068
0.0059693
0.00386504
0.00451112
0.005921
0.00463708
0.00571158
0.00384791
0.0052784
0.0611543
0.00495827
0.0042939
0.00392279
0.00668741
0.00422662
0.00397235
0.00438542
0.00447515
0.00400085
0.00527489
0.00620178
0.0093396
0.00664152
0.00403386
0.00822981
0.00391009
0.00492849
0.00600282
0.00450953
0.00349778
0.00565702
0.00401177
0.00392664
0.00609252
0.00483704
0.00463613
0.00774681
0.00507142
0.00489753
0.00508621
0.0358954
0.00472486
0.00381887
0.0042011
0.00488493
0.00493822
0.00421038
0.0035161
0.00487173
0.00391969
0.00594631
0.00354787
0.00675222
0.0043485
0.0201421
0.00468585
0.00612923
0.00595056
0.00451868
0.00440179
0.0036569
0.0193772
0.00382215
0.00585771
0.00429168
0.0626515
0.00445588
0.00413654
0.00344745
0.00455724
0.00516609
0.00387722
0.00446231
0.00645961
0.00395571
0.00386963
0.0037296
0.00581319
0.00354831
0.00417395
0.00357561
0.00396807
0.00388628
0.00448337
0.00354491
0.0100815
0.00426016
0.00413055
0.00381884
0.00471493
0.00368516
0.00365349
0.0172835
0.00512582
0.00401647
0.00458317
0.00401961
0.00475784
0.004517
0.0196728
0.00371255
0.00451894
0.00391902
0.00370817
0.00468181
0.00365869
0.00380172
0.00420586
0.00370326
0.00452458
0.00460618
0.00358212
0.00382981
0.00443765
0.00591859
0.00474251
0.0036925
0.00438253
0.00390316
0.00381251
0.00439733
0.0578847
0.00486932
0.00381459
0.00365302
0.00438994
0.0319494
0.00390119
0.00434686
0.00386351
0.00419309
0.00460782
0.00401045
0.0039267
0.00577145
0.00440405
0.00438306
0.00621554
0.00382008
0.0038499
0.00455963
0.00358765
0.0039474
0.00790203
0.00656044
0.00396088
0.00476838
0.00368971
0.011509
0.00493301
0.00436955
0.00375189
0.00481877
0.0195613
0.0040745
0.00473725
0.0045131
0.00364138
0.00495626
0.00444952
0.00534735
0.00543266
0.00379852
0.00386759
0.00439553
0.00392379
0.0223889
0.00461615
0.00387969
0.0038794
0.00466214
0.00395342
0.00376042
0.00493994
0.00391533
0.00384926
0.00477204
0.0676733
0.00371842
0.00420771
0.00462847
0.00379183
0.00445089
0.0230543
0.00371521
0.00529689
0.00382701
0.00335873
0.00491906
0.00543549
0.0049172
0.00503111
0.00470975
0.00406663
0.00395732
0.0046355
0.00402285
0.00376532
0.00530251
0.00550212
0.00409052
0.00459376
0.00392115
0.00406799
0.0046813
0.00427618
0.00393591
0.00471257
0.0078213
0.0330231
0.00519057
0.00540846
0.0112331
0.00614524
0.0044094
0.00459354
0.00464014
0.00388705
0.00392334
0.00494385
0.00489114
0.00389078
0.00656335
0.00731919
0.00474501
0.00435893
0.0041027
0.00348993
0.00489019
0.00691078
0.00453244
0.00373963
0.00376631
0.120448
0.00453363
0.00435242
0.00454341
0.00549932
0.00374271
0.00792955
0.00403724
0.00416108
0.00464643
0.00365679
0.00389379
0.00443681
0.00383701
0.00376548
0.00524024
0.00392356
0.00403503
0.00971229
0.00391615
0.00341228
0.00513465
0.00409859
0.00398153
0.00471128
0.00514488
0.00407448
0.00505092
0.00463041
0.00948542
0.00418734
0.00514868
0.00384407
0.00362417
0.00424543
0.00399365
0.00384818
0.00516374
0.00446935
0.00381629
0.00453805
0.00552982
0.00449128
0.00448898
0.00381865
0.0101936
0.054503
0.0497346
0.00471465
0.0043728
0.0259585
0.00465261
0.00346207
0.00372135
0.00529505
0.00458106
0.0639546
0.00469186
0.003776
0.00455369
0.00462872
0.00356089
0.00375411
0.00442115
0.00352487
0.00394522
0.00494988
0.00479531
0.00643783
0.00477917
0.00434511
0.00387599
0.0051764
0.00375201
0.00352992
0.00492658
0.00362632
0.0044164
0.00492161
0.00406038
0.00386857
0.0052844
0.0043755
0.00521527
0.00444718
0.00426612
0.00404391
0.00485815
0.0039941
0.00441314
0.00499737
0.00395137
0.00392215
0.00474298
0.0052635
0.0045999
0.00366758
0.00366746
0.00481488
0.00377531
0.0047037
0.00907094
0.00387422
0.00545136
0.00408503
0.00392621
0.00511351
0.00525821
0.0041673
0.0047238
0.00381948
0.00376788
0.0739215
0.00389659
0.00360671
0.00674842
0.00476704
0.004495
0.0079958
0.00481605
0.00508468
0.00371046
0.00404846
0.00457429
0.00363604
0.00388898
0.00445415
0.00472961
0.00382425
0.00356177
0.00449573
0.00360965
0.00493953
0.00516187
0.00431437
0.00365761
0.00451612
0.00450549
0.00373488
0.00413967
0.00381493
0.00349928
0.0045848
0.00447064
0.00367392
0.00473965
0.00516202
0.00505009
0.00692523
0.00417635
0.00418386
0.00442073
0.00417303
0.00413647
0.00420039
0.00474007
0.00447439
0.00576288
0.00460496
0.00383019
0.00552327
0.00487129
0.00415338
0.00477908
0.0036597
0.0256796
0.00388292
0.00395736
0.0668743
0.00402532
0.00389761
0.0048854
0.00463075
0.00372578
0.00383073
0.00495689
0.0038403
0.00372093
0.0054861
0.00453986
0.00358201
0.00526228
0.0036562
0.005248
0.00451066
0.0252721
0.0146239
0.00355125
0.00594339
0.00402268
0.00373453
0.0344754
0.00398891
0.00411189
0.00340998
0.00661402
0.0062265
0.0249426
0.00456277
0.00757352
0.00436349
0.00463108
0.00432146
0.00421709
0.00694811
0.00465375
0.0363994
0.00390326
0.00496571
0.00571936
0.00426738
0.00458847
0.0037179
0.00801978
0.00465314
0.00476788
0.00351519
0.00450263
0.0038619
0.0047528
0.00439373
0.00360476
0.00475099
0.00490203
0.0641133
0.0035456
0.00591448
0.00656677
0.0107345
0.00411173
0.00841762
0.00447576
0.00483343
0.011859
0.00441408
0.00533847
0.00350991
0.00448957
0.00385767
0.00439367
0.0364172
0.00401876
0.004017
0.00382755
0.00545958
0.00427341
0.0055068
0.00521327
0.0139526
0.00458508
0.00357421
0.00369123
0.00360038
0.0351565
0.0058398
0.00598108
0.00567593
0.00385234
0.00581898
0.00781725
0.00514209
0.00359479
0.00395477
0.00433278
0.00450035
0.00410139
0.0421697
0.00533191
0.00595405
0.00357632
0.00432609
0.0036987
0.00456746
0.00453538
0.00352212
0.00466991
0.00617206
0.0072208
0.00508297
0.00373759
0.0687871
0.004709
0.0186419
0.00391165
0.00381611
0.0050683
0.00382718
0.025769
0.00438568
0.00414418
0.00565802
0.00427993
0.00358881
0.0168251
0.00427911
0.00389327
0.00374839
0.00510648
0.0034253
0.00397579
0.00432354
0.00389665
0.00376729
0.00450577
0.00365216
0.00790712
0.00605879
0.00599027
0.0046791
0.0065522
0.00546095
0.00617022
0.00372797
0.00521239
0.016502
0.00360906
0.00729047
0.00754998
0.00587303
0.00646615
0.00374758
0.00407269
0.00636113
0.00655701
0.00590997
0.00691332
0.00389218
0.00411535
0.00434656
0.0131116
0.00565604
0.0175855
0.00534071
0.00396721
0.00395937
0.00436964
0.0772392
0.00448761
0.00437612
0.00409074
0.0054492
0.00378216
0.00466318
0.0043208
0.00389516
0.00466213
0.00440247
0.00382774
0.00449394
0.00575275
0.00449409
0.0050301
0.00470832
0.0052056
0.00426501
0.00574926
0.00548752
0.00490247
0.0104565
0.0061371
0.00515258
0.0175023
0.00618582
0.0460556
0.00374433
0.00373249
0.00391963
0.00490879
0.00510336
0.00767852
0.0251837
0.00406744
0.0246059
0.00650198
0.00389658
0.00367484
0.00347186
0.0037482
0.00452738
0.00583629
0.00683081
0.00507218
0.00661504
0.00536154
0.0039851
0.0239458
0.00636538
0.00545452
0.00421347
0.00628902
0.00748272
0.0051616
0.0948348
0.00595285
0.00523176
0.015549
0.0332262
0.00588986
0.00431605
0.017109
0.0261207
0.0171703
0.0146677
0.0231417
0.0144232
0.0229667
0.0983815
0.00363537
0.00377214
0.00468254
0.0115755
0.00502356
0.00412265
0.00502559
0.0128886
0.00373904
0.00488274
0.00372087
0.00406569
0.00385776
0.00392387
0.0036762
0.00362981
0.00569607
0.00500902
0.0033412
0.00470651
0.00362721
0.00360699
0.00390005
0.0047496
0.00618984
0.0045772
0.00472967
0.00350468
0.00405722
0.00353536
0.00539009
0.00400505
0.00403761
0.00448178
0.00489254
0.00373163
0.00364474
0.00386228
0.00407308
0.0036931
0.0269291
0.0691033
0.00403607
0.00420022
0.0273126
0.00363327
0.00347254
0.00430296
0.0133682
0.00465472
0.00451844
0.0375692
0.00802654
0.0364698
0.0066909
0.00567802
0.00609574
0.0235662
0.00613299
0.00508911
0.00608876
0.00831701
0.00463063
0.00438094
0.00608591
0.00606114
0.00636208
0.00425507
0.00492978
0.0052722
0.00448564
0.00550825
0.00361414
0.00373934
0.00974806
0.00465742
0.0203928
0.00429649
0.00391879
0.00437965
0.00368929
0.00425038
0.0123331
0.0386863
0.0039699
0.00435569
0.00431708
0.00504424
0.00430982
0.00625654
0.00367331
0.00415193
0.00468527
0.00333014
0.0042405
0.0155269
0.00353676
0.0667203
0.00526217
0.00439093
0.00481236
0.00503514
0.0037091
0.00535933
0.0345758
0.0153119
0.00581856
0.00545895
0.0215374
0.00557397
0.00357908
0.00595099
0.0062031
0.036972
0.00374399
0.0400519
0.00437769
0.00508465
0.00778349
0.00470539
0.0034997
0.0038064
0.00459152
0.00363905
0.00594394
0.0226554
0.00368722
0.00391197
0.00414639
0.00448814
0.0352014
0.00882491
0.00487787
0.00419188
0.0224643
0.00395203
0.00457516
0.00507304
0.00420345
0.0049429
0.00590568
0.00437772
0.0078402
0.0121182
0.00797837
0.0041567
0.0135912
0.0407958
0.00338217
0.00511319
0.00599948
0.00362046
0.0129845
0.0690318
0.00603807
0.00751515
0.00524671
0.00460448
0.00672363
0.00491628
0.00392138
0.00493974
0.00429399
0.0139088
0.00594924
0.00508961
0.00625242
0.00790532
0.0368855
0.00602511
0.00417161
0.00506796
0.02184
0.00462701
0.00427732
0.004326
0.00406761
0.00463679
0.0039517
0.00370497
0.0181146
0.00471861
0.00491568
0.00584146
0.0051535
0.00477786
0.00541478
0.00400365
0.00511426
0.00413044
0.00444668
0.00386721
0.00431567
0.00529392
0.0051032
0.010267
0.00447029
0.00754016
0.0310503
0.00433554
0.00350735
0.00370292
0.0244848
0.00486729
0.00379094
0.00619374
0.00379499
0.00346815
0.0040234
0.0699716
0.0130063
0.00369543
0.00819158
0.00403769
0.00563317
0.0294789
0.00460862
0.00420729
0.00360181
0.0038577
0.00555958
0.00354979
0.0046011
0.00425453
0.0399576
0.00366579
0.00423799
0.0036585
0.00556445
0.00453048
0.00443534
0.0044655
0.00412198
0.00455722
0.00432239
0.00452863
0.00479692
0.00441928
0.00389398
0.00505341
0.00428017
0.00358247
0.0268221
0.00393642
0.0112939
0.00421292
0.00408212
0.00395075
0.00429396
0.00368042
0.00369527
0.00425347
0.00413383
0.0189111
0.0113387
0.00371494
0.00472241
0.0125591
0.00441928
0.00447595
0.00351865
0.0110911
0.0312269
0.00408651
0.027243
0.0720637
0.0237458
0.00399286
0.00368553
0.00405103
0.0172303
0.00450428
0.00389643
0.00395304
0.00457268
0.00434507
0.00352657
0.00455106
0.00420758
0.0320175
0.00521569
0.00354223
0.00401857
0.0238859
0.00382246
0.00356888
0.00537478
0.0164918
0.00429288
0.00436886
0.00356265
0.00972805
0.0309456
0.0035854
0.00403542
0.00448761
0.0269128
0.00429849
0.00455091
0.00461576
0.0209356
0.00533223
0.00391398
0.00537628
0.0191951
0.00368136
0.021915
0.00431675
0.00365895
0.0344553
0.0219299
0.00371579
0.00431151
0.0261522
0.00479753
0.00415796
0.00564809
0.00356815
0.00425075
0.00481619
0.00376683
0.0707993
0.00540931
0.00958226
0.0054451
0.00900175
0.0349807
0.00488955
0.00416377
0.00425856
0.0245663
0.00592357
0.00466723
0.00411553
0.00432368
0.00451812
0.0041255
0.00532554
0.0128708
0.00393463
0.0134978
0.00327721
0.00400284
0.0346518
0.003734
0.00352992
0.00425712
0.00382736
0.00477733
0.00411146
0.00363526
0.00737664
0.00367402
0.00384879
0.00443583
0.00527666
0.0388737
0.00808732
0.00522517
0.00365439
0.00345302
0.00436522
0.00359628
0.00356187
0.0215307
0.00361455
0.00370928
0.00507296
0.00378883
0.00347368
0.00438951
0.00367701
0.00884482
0.0346341
0.00459856
0.00415461
0.00445655
0.0822272
0.0044165
0.00358752
0.00361953
0.0234572
0.00518907
0.00501026
0.00577067
0.0137356
0.00587807
0.0046962
0.00557053
0.00673513
0.00386695
0.00366861
0.00428203
0.00436942
0.0035707
0.00527736
0.00444409
0.00363386
0.0203841
0.00375577
0.00366901
0.00431713
0.00393961
0.00394617
0.00382014
0.00421191
0.00439133
0.00397062
0.00641309
0.00360743
0.00427967
0.00382959
0.00353767
0.00425178
0.00373421
0.00418542
0.00512746
0.00377119
0.00408434
0.00490168
0.00430081
0.0041965
0.060503
0.00371105
0.00376668
0.00436489
0.00501569
0.00372551
0.00533242
0.00419452
0.00392152
0.00514922
0.00384165
0.101263
0.00443975
0.0045013
0.00403088
0.00445907
0.00418617
0.00425346
0.00430312
0.00457109
0.00366955
0.005393
0.00367971
0.00354806
0.00457399
0.00368561
0.00482084
0.00462151
0.00370854
0.00406545
0.0114864
0.00429078
0.00371354
0.00455817
0.00383263
0.00358566
0.00509625
0.00369418
0.00364185
0.00451304
0.00422365
0.00384206
0.0046261
0.00347537
0.00523828
0.00532932
0.00357107
0.00380934
0.00518332
0.00419911
0.00389016
0.00440507
0.00391632
0.00367231
0.00426546
0.00389559
0.00444844
0.00484017
0.00355549
0.0223763
0.00509143
0.00345077
0.00436431
0.00451859
0.00367134
0.00327719
0.00438419
0.0748183
0.00665381
0.00429561
0.00447356
0.00446236
0.00371645
0.00357923
0.00445058
0.00384893
0.00389335
0.00441596
0.00389831
0.00400009
0.0043513
0.00365882
0.00473839
0.00517488
0.0038153
0.0183396
0.00509833
0.00363682
0.00394893
0.00454208
0.00442886
0.00358951
0.00454112
0.00394627
0.00392045
0.00462097
0.00436549
0.00455219
0.00504209
0.00713565
0.00353359
0.00510841
0.00395278
0.00477869
0.00474879
0.00351564
0.00394046
0.004629
0.00484938
0.00521502
0.00453811
0.00429854
0.00938779
0.00386567
0.00388135
0.00384312
0.00447634
0.00364682
0.00392466
0.00508622
0.00822542
0.0505164
0.0362923
0.14668
0.00725601
0.00454707
0.0043986
0.00581097
0.00470973
0.00671594
0.00718198
0.00576837
0.00540238
0.00732729
0.0039741
0.00492405
0.00374775
0.0053565
0.00506287
0.00467685
0.00386928
0.00457913
0.00601708
0.00470857
0.00394389
0.00409119
0.00449741
0.0044646
0.00448047
0.00490335
0.00442868
0.00593105
0.00395622
0.00485328
0.00468288
0.00388595
0.00437262
0.0037273
0.00401702
0.00478118
0.00391354
0.00359726
0.00407673
0.00665298
0.00387252
0.00394908
0.0037323
0.00649552
0.00371652
0.00373612
0.00470623
0.00346329
0.00463422
0.00517365
0.00376931
0.0037355
0.00485976
0.00583459
0.00495476
0.0777056
0.00473171
0.00392835
0.00392977
0.00476224
0.00390365
0.00397142
0.00456026
0.00376616
0.00355534
0.00528252
0.00465238
0.00355736
0.00468908
0.00393941
0.00369867
0.00431948
0.00381967
0.0036819
0.00435603
0.00381316
0.00463124
0.00677836
0.00456518
0.00374609
0.00529482
0.00372704
0.00415448
0.00471204
0.0037217
0.00376401
0.00439746
0.00386684
0.00370609
0.00470431
0.0036495
0.00414042
0.00458916
0.0037328
0.00430479
0.0045067
0.0037404
0.00382928
0.00456673
0.00375041
0.00394459
0.00460144
0.00361648
0.00350759
0.00517778
0.00538526
0.0036287
0.00453914
0.0043166
0.00373706
0.0066522
0.0841168
0.00477702
0.00471022
0.00494335
0.00643959
0.00368811
0.00356949
0.00627636
0.00376536
0.00423522
0.00433463
0.00368881
0.00366054
0.00471409
0.00394919
0.0140375
0.00450731
0.00381395
0.0224604
0.00545649
0.00805661
0.00615793
0.00361105
0.00463661
0.00393631
0.00394802
0.0130103
0.00383164
0.00373682
0.00462313
0.00383105
0.00383888
0.00461392
0.00449781
0.00396734
0.00488431
0.00488601
0.00382664
0.0336698
0.00386052
0.00387294
0.00434912
0.0039485
0.00595988
0.00549152
0.00630524
0.00476841
0.00534113
0.00374255
0.00383926
0.00464475
0.00404404
0.0282066
0.0048609
0.00392215
0.00407686
0.00464111
0.00369377
0.0036096
0.00585508
0.00527718
0.00559495
0.00455864
0.00394295
0.00580555
0.00459905
0.00393599
0.00411705
0.0044025
0.0269321
0.00442348
0.00454889
0.00453584
0.00481519
0.00490505
0.00385277
0.00360178
0.00490606
0.00359287
0.00375201
0.0045291
0.00357009
0.00436193
0.00953322
0.00480073
0.00456456
0.00514677
0.0039513
0.0041014
0.00441513
0.00381544
0.00373707
0.00493516
0.00418988
0.00450991
0.00509044
0.00362249
0.00367399
0.00535354
0.00520978
0.00483198
0.00465015
0.00455044
0.00424494
0.00563628
0.00370073
0.00389611
0.00475118
0.00367021
0.00534646
0.00415878
0.00816487
0.00482122
0.00694336
0.00623549
0.00394655
0.00539511
0.00470559
0.00350886
0.00495865
0.00394283
5.24874
0.00624463
0.005119
0.00547004
0.00435825
0.00423446
0.00441105
0.00415063
0.0040358
0.00465728
0.00385719
0.00401304
0.00394377
0.00425494
0.00525993
0.00670889
0.00368866
0.00379279
0.00557199
0.0158244
0.00554916
0.00668366
0.004663
0.00438141
0.0052705
0.00563973
0.00503625
0.00381311
0.00953277
0.00902595
0.0170457
0.105778
0.0039747
0.00408236
0.00570571
0.00530113
0.00454854
0.00412097
0.00540729
0.00484537
0.00541295
0.00517054
0.00621283
0.0044706
0.00950774
0.00396425
0.00474709
0.00570959
0.00617866
0.00785488
0.00422512
0.00412943
0.00482118
0.00539182
0.00432443
0.00411904
0.00541151
0.00819814
0.00666698
0.00538121
0.00508705
0.00786286
0.015478
0.0521651
0.00623642
0.00389139
0.00465559
0.00509243
0.00947779
0.00469144
0.00525503
0.00603804
0.00688842
0.00543786
0.00439715
0.0069046
0.00825196
0.00484039
0.00599171
0.00688162
0.00394602
0.00654655
0.00922948
0.0073072
0.00604531
0.00826682
0.0680778
0.00580496
0.0049437
0.00587008
0.00564616
0.00685095
0.00638079
0.00395172
0.0343149
0.00487566
0.00675114
0.00824446
0.00601068
0.00598011
0.00841285
0.009004
0.0058257
0.00520349
0.00776974
0.00985967
0.00521645
0.00680486
0.00864652
0.108868
0.00660832
0.01013
0.00463977
0.00565353
0.00469124
0.00365358
0.00428061
0.00538672
0.00552813
0.00809969
0.00500965
0.00616123
0.00480596
0.00541981
0.00715858
0.00623995
0.00826349
0.0037658
0.00482001
0.00718055
0.00478513
0.00544953
0.00596539
0.00559109
0.0044338
0.00474273
0.00494764
0.00508298
0.00411877
0.00441133
0.0058402
0.00403483
0.00512717
0.00652009
0.00702694
0.0172451
0.00781405
0.00993971
0.0089727
0.00458838
0.00394478
0.00366102
0.00698067
0.00601712
0.00406082
0.0347511
0.0844636
0.110936
0.00494963
0.00639664
0.00453756
0.00419741
0.00767309
0.00673976
0.00393473
0.0538615
0.00386694
0.00681722
0.00454405
0.0068994
0.00377747
0.00402202
0.00483683
0.00440769
0.0052756
0.00607134
0.00396449
0.0059209
0.00424682
0.00441003
0.00498289
0.00659001
0.0103029
0.00524805
0.00548541
0.00397448
0.00393777
0.00563923
0.035272
0.0779757
0.00680176
0.00437441
0.00390074
0.00534546
0.00876205
0.00677223
0.00439966
0.00423715
0.00384874
0.00531508
0.00909164
0.00708931
0.00377153
0.00478359
0.00602508
0.00597856
0.003843
0.00399001
0.00403085
0.00498435
0.00473646
0.0047564
0.00533675
0.00392755
0.0037812
0.00496217
0.00617112
0.00602798
0.00453996
0.00496139
0.00841305
0.0682163
0.00607625
0.00865428
0.00770661
0.00446971
0.00890844
0.0105684
0.00464167
0.0043146
0.00669481
0.0111762
0.00682169
0.0046466
0.00462054
0.0054138
0.00504464
0.00587351
0.00533578
0.00438695
0.00488926
0.00668032
0.00529795
0.00540972
0.00443357
0.00522319
0.004549
0.00565796
0.00597301
0.00527396
0.0081904
0.00590867
0.0147914
0.00861664
0.00522586
0.00424872
0.00392632
0.00565193
0.00977841
0.00376875
0.0068674
0.00692697
0.00692144
0.0284505
0.00440223
0.0055261
0.00609359
0.0053579
0.0228802
0.0053279
0.00628214
0.00641142
0.00558203
0.019474
0.00445362
0.00594914
0.0051832
0.0596762
0.00437334
0.00465476
0.00808436
0.0078207
0.00462981
0.00495277
0.0107789
0.00741247
0.00543323
0.00524204
0.00577964
0.00507457
0.00393493
0.00392628
0.00446383
0.00400216
0.0059207
0.00631888
0.00427741
0.00424354
0.00440543
0.00521386
0.00484919
0.0036084
0.00575699
0.00678376
0.00460435
0.00515116
0.00492208
0.00543251
0.00595645
0.00417983
0.00636867
0.00440558
0.00692148
0.00526311
0.00697103
0.0119631
0.00584322
0.00609295
0.00473904
0.00452333
0.00623336
0.00853471
0.0503562
0.00495546
0.00590067
0.00614624
0.0040145
0.00614443
0.00583195
0.00565317
0.007887
0.00905456
0.00740081
0.0555638
0.00457903
0.00437513
0.00913999
0.00476738
0.00602653
0.00587353
0.0074375
0.00432908
0.00375796
0.0046682
0.003904
0.00372512
0.0182337
0.00598683
0.0039737
0.0037467
0.00539349
0.00476962
0.00579633
0.00460949
0.00462875
0.00425738
0.0110279
0.00877012
0.0047736
0.00503387
0.00684422
0.00516008
0.005841
0.00631553
0.00570854
0.0037691
0.00458998
0.0055926
0.0056342
0.00574493
0.00619946
0.00349314
0.00506284
0.00500087
0.0046063
0.0072798
0.00480797
0.00620454
0.0057265
0.00526863
0.00699166
0.00608774
0.00595332
0.00561813
0.0106344
0.00439878
0.00558401
0.00476526
0.00367591
0.0578242
0.00405725
0.00430874
0.00387366
0.00377366
0.0049446
0.00389656
0.00973277
0.00574354
0.00723051
0.00476009
0.00501181
0.00384247
0.00408441
0.00485871
0.00485095
0.00742969
0.00537005
0.0079676
0.00461924
0.00453023
0.00542362
0.00662844
0.00715698
0.00622275
0.00485788
0.00542179
0.0057648
0.00563
0.0114496
0.00497939
0.00965788
0.00797699
0.0047727
0.00475147
0.00552062
0.00495042
0.00509075
0.00581425
0.00865205
0.00405731
0.00386285
0.00390319
0.00555789
0.00365856
0.00423461
0.00478324
0.00507266
0.00585787
0.00439844
0.004741
0.00539247
0.00537228
0.00476405
0.00526153
0.0199014
0.00453201
0.00398504
0.00496753
0.00450154
0.00378938
0.0042093
0.00387817
0.00537552
0.00606086
0.0101008
0.00379316
0.00413478
0.00617431
0.00441886
0.00387313
0.00403626
0.00406054
0.00494669
0.00514075
0.00566547
0.00902271
0.00427492
0.0103898
0.00545257
0.0040015
0.0039748
0.00482089
0.0042346
0.00429872
0.0059851
0.00543357
0.0059134
0.00774541
0.00517739
0.00611609
0.00476811
0.00551326
0.00417327
0.0173972
0.00665428
0.0051978
0.0112742
0.00393047
0.00405482
0.00402847
0.00822661
0.00635458
0.00531911
0.00597625
0.00527625
0.00408446
0.00398428
0.00393201
0.00400616
0.00405304
0.0052051
0.0641922
0.00363842
0.00441822
0.00807382
0.00528105
0.00360986
0.00418106
0.00392877
0.00464641
0.00433446
0.00809398
0.00517004
0.005867
0.00529186
0.00386542
0.00632185
0.00411441
0.00693832
0.00671899
0.00489253
0.00553223
0.00670982
0.00510786
0.00543434
0.00556929
0.00507211
0.00411746
0.00556276
0.0051358
0.00441523
0.00533158
0.00351578
0.00618594
0.00882333
0.00483761
0.00499395
0.00682238
0.00840818
0.0034384
0.00465951
0.00651808
0.00558641
0.00472867
0.00472737
0.00562349
0.00501475
0.00568328
0.00375872
0.00460822
0.00479654
0.00604488
0.00599326
0.00895407
0.0089895
0.00530622
0.00575019
0.0629425
0.00457084
0.00590483
0.00681558
0.00934651
0.0045173
0.00486427
0.0057861
0.00602386
0.00444203
0.00524335
0.00738848
0.00411659
0.00465142
0.0048435
0.00395534
0.00379641
0.00456449
0.00486364
0.00633003
0.00499291
0.00674513
0.00813132
0.0119014
0.00785419
0.00377671
0.00478366
0.00388429
0.00389382
0.0116789
0.0103815
0.0095176
0.00397209
0.00426161
0.00375683
0.0049337
0.00559287
0.00394384
0.00381329
0.00634192
0.00394447
0.00628582
0.00473464
0.00539402
0.00567209
0.00389201
0.00712183
0.00621401
0.00606013
0.0107697
0.0103375
0.00796468
0.00604402
0.00468655
0.00645438
0.00521075
0.0973861
0.00380139
0.00445768
0.00658199
0.00472447
0.00557031
0.00396515
0.00381106
0.00582827
0.00375838
0.00385348
0.00878699
0.00480924
0.00430586
0.00488705
0.00408956
0.00400148
0.00431583
0.00428455
0.00563956
0.00428395
0.00519235
0.00456314
0.00498276
0.00490814
0.00510192
0.00534422
0.00476738
0.00535623
0.00568631
0.0147562
0.00536657
0.00605182
0.00586922
0.00605567
0.0124501
0.00496456
0.00628596
0.00679482
0.00476922
0.0045163
0.00508418
0.00594034
0.00393516
0.0328241
0.00526351
0.00537183
0.00603122
0.00879082
0.010121
0.00762235
0.00529078
0.00428015
0.00450105
0.00573986
0.00374824
0.0728651
0.00435998
0.00459765
0.00392756
0.00716301
0.00599159
0.00755489
0.00431372
0.00375586
0.00518368
0.00513444
0.00862963
0.00470192
0.0162848
0.00457024
0.00604886
0.00410367
0.00575192
0.00396763
0.0040259
0.00390504
0.00391446
0.0103915
0.00667752
0.00613352
0.00711614
0.0046478
0.00608404
0.0063207
0.00441568
0.00584941
0.00650928
0.00380913
0.00388027
0.00763815
0.00412583
0.00691506
0.00671078
0.00444171
0.00603941
0.00659229
0.00397996
0.00388564
0.00384458
0.00627412
0.00833581
0.00508801
0.00593327
0.00535608
0.008801
0.00443663
0.00490287
0.00390971
0.00439011
0.00386089
0.00529453
0.0688063
0.00506708
0.00489388
0.00504433
0.00915725
0.00424099
0.00583983
0.00636141
0.00444943
0.00375129
0.00453231
0.00521334
0.00615145
0.00582103
0.00429541
0.00543125
0.00595076
0.00378955
0.00663982
0.00430013
0.0036546
0.00375669
0.00615693
0.00591806
0.00372407
0.00369725
0.00482835
0.00636145
0.00425675
0.00532615
0.00705724
0.00508894
0.00505708
0.00650097
0.00665845
0.00633311
0.00427928
0.00460452
0.00563195
0.00663236
0.00602491
0.00570358
0.00507113
0.006097
0.00500988
0.00505007
0.00434647
0.00377907
0.00425261
0.00463143
0.00376611
0.00381838
0.00502629
0.0042959
0.00576805
0.00971675
0.201231
0.00388634
0.00384727
0.00425539
0.00776218
0.00817838
0.00374364
0.00369683
0.0039353
0.00986697
0.00612777
0.00535134
0.00778519
0.0105638
0.00721345
0.00624122
0.00381526
0.00382885
0.00491535
0.00773224
0.00560174
0.00465627
0.00409003
0.00374044
0.00344247
0.0037719
0.00463746
0.00530847
0.00372883
0.00363809
0.00750716
0.00651408
0.00456437
0.00451936
0.00483787
0.00358867
0.00345883
0.00407584
0.00503649
0.00375131
0.0035323
0.00350803
0.00931725
0.00429102
0.00507603
0.00442712
0.00690746
0.00395092
0.00430498
0.00440113
0.00643553
0.00436541
0.00462713
0.00376642
0.00449275
0.00373315
0.0744513
0.00435843
0.00382563
0.00442953
0.00434801
0.00358841
0.00487213
0.00428687
0.00543931
0.00464366
0.0129401
0.00511897
0.00601921
0.00892301
0.00377277
0.00372897
0.00376352
0.00379582
0.00441243
0.00975972
0.0045391
0.00764593
0.00596041
0.0075051
0.00392118
0.00375254
0.00412239
0.00481326
0.00563936
0.00670912
0.00685466
0.00584177
0.00462873
0.00399248
0.00517855
0.00439174
0.00437669
0.00498654
0.0046421
0.00379002
0.00463737
0.00371107
0.00528197
0.00764884
0.00462113
0.00386206
0.00524373
0.00401559
0.00391006
0.00376411
0.00562308
0.00455378
0.00466905
0.0046297
0.00781948
0.00389951
0.00652291
0.00642585
0.00397161
0.0046895
0.00463335
0.00377944
0.00456314
0.0045304
0.0046015
0.00542606
0.00432017
0.00386512
0.00476029
0.00475772
0.00412212
0.00494374
0.00391678
0.00376362
0.0047314
0.00402497
0.00479352
0.00544794
0.00469246
0.00449703
0.00452128
0.00404777
0.00473107
0.00477541
0.00485118
0.00688221
0.00381644
0.00420774
0.00473786
0.00393128
0.00375229
0.00447477
0.00519471
0.00451467
0.00436643
0.00481291
0.00380602
0.00465154
0.00452922
0.00390552
0.00432349
0.00465112
0.00388938
0.00477373
0.0047487
0.00725551
0.00362842
0.00475928
0.00442008
0.00390539
0.00537814
0.00389082
0.00380642
0.109955
0.0123572
0.00476977
0.00430356
0.00394371
0.004428
0.00518192
0.00432637
0.00467482
0.00462729
0.00395894
0.00441789
0.00471967
0.00372846
0.00439143
0.00443869
0.00390083
0.00551781
0.00462444
0.0051504
0.00532173
0.00564997
0.00572731
0.00422262
0.00433466
0.00452975
0.00377368
0.00467592
0.00423134
0.00374653
0.00508539
0.00723576
0.00457803
0.00457353
0.00444771
0.00632861
0.00382321
0.00380639
0.00526435
0.00381145
0.00374773
0.00463834
0.00407024
0.0038397
0.00456198
0.00442535
0.00455431
0.00451546
0.00378726
0.00392746
0.00497521
0.00390229
0.00389625
0.00926851
0.00400139
0.00403419
0.00463093
0.00394309
0.00449296
0.00512524
0.00365486
0.00389921
0.00604233
0.00359661
0.00381752
0.0054615
0.00538348
0.00464316
0.005743
0.00987173
0.00641509
0.00388198
0.00513938
0.00483328
0.00377597
0.00461344
0.00587902
0.00374415
0.0052614
0.0203691
0.00969239
0.0389755
0.027831
0.0618529
0.0114154
0.0239336
0.00472955
0.0047805
0.00370099
0.00480838
0.00457651
0.00451934
0.00490787
0.00372359
0.00401021
0.00450498
0.00534417
0.00576571
0.00464464
0.00495196
0.00486164
0.00421642
0.00577552
0.00674695
0.00385125
0.00460076
0.00471227
0.00381629
0.00475128
0.00570942
0.0061983
0.00453429
0.00432041
0.00460041
0.00388134
0.00392119
0.00454497
0.00375483
0.00357524
0.00443065
0.00466188
0.00386498
0.00376314
0.00467668
0.00569249
0.00422159
0.00411467
0.00379347
0.00434673
0.00373146
0.00364621
0.00467021
0.00368893
0.00378589
0.00463691
0.00385501
0.00374721
0.00428092
0.00370854
0.00380306
0.00421542
0.00395021
0.00373346
0.00473636
0.00563242
0.0054474
0.00620831
0.00380359
0.00382568
0.00504308
0.00642396
0.00754235
0.00494368
0.00397984
0.0037241
0.00383017
0.0499265
0.00634421
0.00500184
0.00556067
0.00494397
0.0037415
0.00390596
0.00753049
0.0048256
0.00473874
0.00489927
0.00434084
0.00376201
0.00417222
0.00501127
0.00588067
0.00537729
0.0038925
0.00478678
0.00481187
0.00376793
0.00553577
0.00539187
0.0050881
0.00610302
0.00647209
0.00370742
0.0045918
0.0051051
0.00489188
0.00476179
0.00665732
0.0037939
0.00369972
0.00490849
0.00680471
0.0048556
0.00639198
0.00659742
0.00425981
0.00634721
0.00564394
0.00486122
0.00702319
0.0050637
0.00379978
0.00455739
0.0151637
0.00378217
0.00380044
0.0046063
0.00694543
0.00499687
0.00758018
0.00476521
0.00690896
0.0227452
0.0038091
0.00385535
0.00627892
0.00575433
0.00495094
0.00704856
0.00688471
0.00694894
0.00618808
0.00387847
0.00411984
0.00484057
0.00563016
0.00488026
0.00484524
0.00376886
0.00470026
0.00563394
0.00643419
0.00538242
0.0102056
0.00455332
0.00387805
0.00458517
0.00493311
0.00379127
0.00443673
0.00462197
0.00379415
0.00510644
0.0052165
0.00378491
0.00448526
0.00464458
0.0042274
0.00362176
0.0050515
0.00636473
0.0037235
0.00458894
0.00526681
0.0057598
0.00463445
0.00654879
0.00958858
0.00637038
0.00510335
0.00424786
0.00852818
0.00615079
0.00375459
0.00498026
0.00487029
0.00556391
0.00572916
0.00659653
0.00545245
0.00376941
0.00414847
0.00606262
0.00565297
0.00524733
0.00408961
0.00527911
0.00725063
0.00697596
0.00530678
0.00874965
0.00625547
0.00509013
0.00775661
0.00620269
0.0059038
0.0103649
0.00737568
0.00381634
0.00470391
0.00510029
0.00715839
0.00606795
0.00581332
0.00376482
0.00693092
0.00373738
0.00503324
0.00476012
0.00388893
0.00478977
0.00543149
0.0600549
0.00444884
0.00595418
0.00411115
0.00497121
0.00467968
0.00380885
0.00437824
0.00537427
0.0037785
0.00460986
0.00607409
0.00593555
0.00408981
0.0043585
0.00613563
0.00369156
0.00371722
0.00456059
0.00561919
0.00437359
0.00429532
0.00411971
0.00457564
0.00538986
0.018916
0.00428181
0.0040631
0.00498368
0.00553584
0.00804857
0.0044455
0.0164164
0.00562165
0.00499896
0.00477589
0.0106105
0.00550802
0.00418323
0.00423981
0.00463867
0.00404641
0.00399719
0.00519583
0.00444352
0.00576797
0.00459313
0.0048824
0.00517522
0.00540235
0.00536496
0.00497763
0.00481314
0.00640322
0.00474637
0.0048759
0.00714887
0.00488782
0.00613138
0.00776562
0.00434797
0.00571927
0.00479325
0.00533911
0.00487149
0.00477405
0.00531445
0.00422919
0.00478252
0.00910666
0.00617179
0.0045757
0.0058109
0.00464217
0.0046055
0.00520879
0.00605835
0.00485598
0.00431708
0.00493911
0.00518164
0.00543396
0.00538219
0.0042611
0.00487249
0.00466673
0.0042485
0.0047297
0.00459938
0.00376509
0.00496458
0.00422151
0.00378936
0.00506623
0.00779938
0.00377466
0.00542083
0.0065275
0.00539617
0.00374928
0.00773075
0.00457015
0.00489698
0.00787739
0.00551929
0.00386343
0.00600604
0.00757185
0.00712425
0.00545567
0.00544718
0.0106574
0.00564029
0.0068147
0.0041793
0.0073371
0.00383569
0.00485494
0.00511254
0.00682635
0.00369106
0.00420171
0.00461092
0.00385952
0.00485943
0.0132581
0.00430985
0.0038074
0.00561578
0.00440825
0.00364294
0.00378192
0.00498334
0.003742
0.00381341
0.00456597
0.00363056
0.00386236
0.00489943
0.00580822
0.00494061
0.00371245
0.00434002
0.00473303
0.00458138
0.00510259
0.00693507
0.00371575
0.00461835
0.00444911
0.00365059
0.00450698
0.00468678
0.0068061
0.00553469
0.00391721
0.00435695
0.0053036
0.00440214
0.00451214
0.00470913
0.00665652
0.00679461
0.00536125
0.00388694
0.00464819
0.00380812
0.00401299
0.00495604
0.00405084
0.00463432
0.00455264
0.00402212
0.00380824
0.0045811
0.00392094
0.00393153
0.00501064
0.00556472
0.00542824
0.00682991
0.00517773
0.00392338
0.00385935
0.0055581
0.00840433
0.00384162
0.00391349
0.00701479
0.00639266
0.00609669
0.0125065
0.00486894
0.00407402
0.00696208
0.00540844
0.00383314
0.00468278
0.0050727
0.0039208
0.00404426
0.00450999
0.00760924
0.00405499
0.00470588
0.00473579
0.0038438
0.00484066
0.0043498
0.0044866
0.00450947
0.0045669
0.00403921
0.00529206
0.00580552
0.00467418
0.0046131
0.00475107
0.00383168
0.00463503
0.00458456
0.00374352
0.00464362
0.0045874
0.00403949
0.00465096
0.00378881
0.00407036
0.00498784
0.0233171
0.0037778
0.00381164
0.0046569
0.0046276
0.00378749
0.00463895
0.00464435
0.00453699
0.00382324
0.00403219
0.00473098
0.00389537
0.00389492
0.00455905
0.00567684
0.00542512
0.0439629
0.00367427
0.00465234
0.00405211
0.00430235
0.00543764
0.00505244
0.00389259
0.00385803
0.00415917
0.00593149
0.00674154
0.00431092
0.00517569
0.0037747
0.00380684
0.00485902
0.00385107
0.00429464
0.00464093
0.00378275
0.0043955
0.00437009
0.00510056
0.0050045
0.00511086
0.00401992
0.00443754
0.00540622
0.00398167
0.00401545
0.00444429
0.00376714
0.00463838
0.00505209
0.00625326
0.00385236
0.00532015
0.00467409
0.0043235
0.00501143
0.00650454
0.00374935
0.00459319
0.00460977
0.0418418
0.0043454
0.00493535
0.00587374
0.00535565
0.00625812
0.00375824
0.00435678
0.00438769
0.00330558
0.00814069
0.00470654
0.00462847
0.005254
0.00484277
0.00413426
0.00442893
0.00464617
0.00509573
0.00543356
0.0049019
0.00485454
0.00519628
0.00541432
0.00605663
0.00486832
0.00613229
0.00431076
0.00385806
0.00387567
0.00461049
0.00371086
0.00373279
0.00466162
0.00364582
0.0039295
0.00498385
0.00377107
0.00389852
0.00463001
0.00448881
0.00440111
0.00429065
0.00373185
0.00369884
0.00467257
0.00405685
0.00390505
0.0049327
0.00419862
0.00383622
0.00461942
0.00381006
0.00467687
0.0048531
0.00402042
0.00448627
0.00438902
0.00382067
0.00372549
0.00466182
0.00381702
0.00374076
0.00466391
0.00380346
0.00376554
0.00587644
0.0042271
0.00385693
0.0043572
0.0038092
0.00366312
0.0043665
0.00380854
0.00416108
0.00425189
0.00388154
0.00378605
0.00464153
0.00388863
0.00421883
0.00592736
0.00376696
0.003861
0.0048734
0.00379643
0.00379688
0.00453889
0.00360888
0.0039056
0.00376965
0.0048505
0.00763792
0.00433923
0.00514504
0.00620542
0.0059468
0.00512425
0.00388316
0.00533057
0.00527289
0.00381545
0.00395418
0.0044618
0.00412746
0.00451718
0.00518548
0.00553968
0.00471132
0.00375764
0.00384365
0.00388762
0.00423337
0.00413859
0.00397253
0.00387189
0.00391318
0.00534514
0.00571987
0.00480132
0.00639022
0.00465185
0.00393334
0.00388364
0.00381295
0.00403788
0.00396727
0.0037613
0.00553076
0.00445189
0.00467893
0.00447651
0.00375153
0.00364995
0.00379271
0.00489984
0.00675429
0.00414666
0.00470476
0.00357523
0.00394399
0.00394436
0.00449852
0.00478852
0.00372728
0.00473324
0.0048309
0.00730899
0.00434851
0.00382757
0.00372075
0.00380554
0.00350151
0.00392445
0.00332377
0.00394149
0.00398018
0.00408237
0.00409609
0.00461416
0.00379871
0.00443238
0.00481415
0.00372736
0.00386933
0.00362262
0.00564161
0.0038391
0.00473622
0.00361833
0.00363946
0.00444459
0.00377158
0.00400101
0.00374893
0.0045967
0.00486521
0.00366425
0.00383712
0.00381022
0.00378968
0.00389303
0.00380238
0.0100512
0.00385712
0.00412872
0.00362529
0.0037719
0.00436528
0.0045643
0.00389242
0.00365294
0.00365318
0.00384077
0.00426665
0.0039936
0.00389787
0.00388309
0.00399012
0.00389211
0.00465914
0.00556389
0.00376202
0.00465492
0.00372852
0.00464958
0.0047567
0.0038081
0.00463787
0.00465038
0.00384663
0.00465984
0.00902434
0.00424687
0.00564219
0.00569798
0.00413534
0.00451555
0.00474328
0.00477704
0.00435085
0.00459983
0.00633593
0.00372288
0.00403889
0.0045456
0.00385008
0.00456809
0.00557708
0.00359304
0.00375486
0.0044273
0.00365126
0.00381418
0.0045451
0.00393332
0.00436273
0.00384974
0.00372809
0.00376446
0.00430581
0.00443021
0.00356296
0.00360099
0.00388855
0.00451028
0.00476382
0.00457544
0.00377596
0.00511843
0.00449264
0.00450437
0.00388641
0.00458104
0.00405916
0.00366978
0.00372262
0.00366375
0.00511298
0.00449093
0.00384066
0.00390994
0.00388518
0.00364217
0.00392406
0.00442047
0.0037144
0.00375785
0.00384628
0.00379406
0.00380748
0.00445858
0.00436828
0.00459718
0.00362366
0.00471824
0.00439793
0.00390105
0.0037209
0.00449385
0.00390066
0.00367611
0.00495379
0.00385421
0.00533512
0.00420859
0.00452208
0.00459221
0.00375083
0.00464993
0.00431605
0.00434528
0.00445633
0.0044591
0.00371792
0.00528189
0.00371905
0.00357381
0.00486885
0.00345649
0.00426809
0.00435881
0.00487051
0.00445279
0.00497159
0.00364082
0.00373027
0.00465884
0.00703875
0.00385795
0.0054983
0.00630604
0.00390681
0.00457834
0.00455502
0.00363956
0.00462868
0.00456723
0.00375774
0.00468432
0.00479712
0.00380991
0.00443712
0.00427437
0.00381035
0.00568745
0.00456704
0.00365565
0.0045713
0.00564689
0.00370099
0.00453611
0.00439674
0.00371211
0.00478546
0.00473795
0.00493629
0.00372154
0.00437233
0.00527676
0.00382005
0.00369466
0.00433808
0.00375709
0.00389392
0.00412652
0.00442131
0.00380628
0.00461687
0.00376788
0.00430192
0.00514773
0.00452649
0.00375775
0.0065786
0.00368328
0.00510594
0.00470849
0.00603077
0.00378272
0.0468129
0.00374899
0.00373118
0.00464404
0.0052429
0.00433457
0.00428806
0.00444772
0.00383979
0.00439783
0.00459504
0.00362933
0.00452818
0.0103661
0.0204498
0.00480225
0.00387093
0.00379548
0.00481993
0.00477292
0.00455897
0.00458909
0.00405518
0.00455718
0.00504715
0.00528929
0.00371545
0.00463745
0.00414238
0.0038718
0.00454024
0.00410632
0.0037343
0.00424798
0.00376055
0.00390409
0.00422782
0.0036431
0.00383658
0.0040331
0.00338856
0.0038044
0.00439327
0.00390565
0.00376513
0.00462297
0.00460859
0.00382742
0.0035733
0.00513999
0.00539133
0.00407858
0.00453843
0.00379078
0.00422657
0.00505564
0.00503424
0.00345132
0.00459268
0.00378355
0.00486243
0.00365045
0.00374263
0.00516855
0.00365492
0.00365791
0.0041991
0.00383719
0.00428536
0.00384346
0.0055468
0.00526732
0.0036491
0.00482263
0.00455242
0.00356375
0.00524723
0.00512904
0.00378658
0.00442655
0.00463623
0.00376756
0.00464003
0.00464014
0.00346417
0.00473863
0.00464269
0.00360179
0.00454653
0.00491277
0.00401366
0.00463936
0.00463891
0.00367662
0.00510485
0.00471667
0.0037249
0.00503642
0.0046005
0.00352238
0.00438911
0.00459491
0.00377123
0.00534678
0.00436599
0.00397475
0.00417175
0.00381029
0.00523672
0.00382361
0.00392275
0.00374954
0.00382112
0.00390321
0.00481785
0.00378166
0.00442556
0.00443571
0.00373717
0.00381053
0.00375113
0.00366458
0.00361089
0.00388357
0.003821
0.00354275
0.00384055
0.00488527
0.00453156
0.00425242
0.00508251
0.00501174
0.00461774
0.00458202
0.00427789
0.00380717
0.00446648
0.00425224
0.00365192
0.00465329
0.00483151
0.00477683
0.00459171
0.00516386
0.00459357
0.00505332
0.00452085
0.00360634
0.00452909
0.00508774
0.00376042
0.00452169
0.00427556
0.00404203
0.00484703
0.00475634
0.0046709
0.00541474
0.00485994
0.00382562
0.00452057
0.0046601
0.00385077
0.00458275
0.00470204
0.00381358
0.0209399
0.00374338
0.00357634
0.00374631
0.00432514
0.0043786
0.00503288
0.0046736
0.00376083
0.00864291
0.00556516
0.00428846
0.00445594
0.00617233
0.0450541
0.00398064
0.00370143
0.00484762
0.00378756
0.00382555
0.00453461
0.00374921
0.00388289
0.00458104
0.0039479
0.00422228
0.00607709
0.00393531
0.00374425
0.00476299
0.0047489
0.00379754
0.00472329
0.00378045
0.0038168
0.00432044
0.00376381
0.00457516
0.00511729
0.00564931
0.00371305
0.00398146
0.0142147
0.0035493
0.00360379
0.0577821
0.00422508
0.00432668
0.00434066
0.00340398
0.00415607
0.00401318
0.00376672
0.00458997
0.00358056
0.00377137
0.00497423
0.00352502
0.00345764
0.00456778
0.00359911
0.00499856
0.0165221
0.00615494
0.0176272
0.00688358
0.00387539
0.0176495
0.00347234
0.00417334
0.00507093
0.00444861
0.0153587
0.0100963
0.0109374
0.00360611
0.00402023
0.0225555
0.00477784
0.022047
0.00802813
0.00851812
0.00411409
0.00378513
0.00743725
0.00440219
0.0121712
0.00513248
0.0902177
0.00360444
0.00754033
0.00349762
0.00640955
0.00463404
0.00466994
0.00883348
0.00596134
0.00364666
0.00473857
0.00362822
0.00406703
0.00437053
0.00445677
0.00455075
0.00368409
0.00440328
0.00481638
0.00364123
0.00452462
0.0049719
0.00435655
0.00496444
0.00441516
0.00441815
0.00523074
0.00461465
0.0038007
0.00446861
0.00442717
0.00360663
0.0041669
0.00374725
0.00358911
0.00387513
0.00392837
0.00376497
0.00361257
0.0152722
0.00380865
0.00388715
0.00428897
0.00398167
0.00389628
0.00439274
0.00435245
0.00458261
0.00353647
0.00385154
0.00372546
0.00376083
0.00379552
0.00345994
0.0037958
0.00363614
0.00451175
0.00472259
0.00390241
0.00457126
0.00450553
0.00388156
0.00472756
0.00459191
0.00404463
0.00469711
0.00469545
0.00335371
0.00455445
0.00583988
0.00496244
0.00468727
0.0043938
0.00390584
0.00468801
0.00462876
0.00385682
0.00516114
0.00399429
0.00362988
0.00452984
0.00379353
0.00532241
0.00551928
0.00553336
0.00362468
0.00564652
0.00442055
0.00998033
0.00484001
0.00586349
0.00451845
0.00476375
0.00380831
0.00375819
0.00466257
0.00367468
0.00434929
0.00442142
0.00476823
0.00402917
0.00446375
0.00440731
0.00405068
0.00473331
0.00422718
0.0465584
0.00366584
0.00498475
0.00404376
0.0043905
0.00357488
0.00429246
0.00532767
0.00360896
0.0043159
0.00367539
0.00395021
0.00443733
0.00406579
0.00389651
0.00457164
0.00383226
0.00376708
0.00395991
0.00390597
0.00459051
0.00364827
0.00450918
0.004541
0.00383824
0.00511025
0.00481297
0.0035304
0.00509805
0.00433016
0.00394251
0.00426686
0.00432869
0.00390058
0.00490401
0.00438571
0.00365054
0.00551202
0.00504373
0.00385625
0.00458376
0.00401704
0.00364094
0.00371262
0.0046648
0.00348881
0.00386843
0.00371117
0.00364937
0.00365714
0.00367247
0.00440785
0.00367816
0.00387439
0.00363079
0.00418225
0.00364547
0.004008
0.00365261
0.00373425
0.00456274
0.00398124
0.00387157
0.0038071
0.00418061
0.00403827
0.00387041
0.00429377
0.00443414
0.00380602
0.00383804
0.00465202
0.00445703
0.00451537
0.00413586
0.00385761
0.00398595
0.00375785
0.00369411
0.00396869
0.00382614
0.00353435
0.00394115
0.004185
0.00491958
0.00389158
0.00367222
0.00429284
0.00489421
0.00724493
0.00381679
0.00457461
0.00560414
0.00363289
0.0046275
0.00455155
0.00362516
0.00367447
0.00369709
0.00366624
0.00381976
0.00369364
0.00367635
0.00379013
0.00409641
0.004289
0.00365572
0.0036458
0.00557265
0.00564833
0.00483654
0.00375127
0.00367329
0.00385975
0.00389425
0.00336397
0.00405341
0.00365072
0.00360746
0.00599852
0.0045074
0.00384958
0.00408018
0.00360987
0.00377019
0.00476033
0.00393559
0.00418561
0.00382561
0.00486286
0.00461895
0.00393464
0.00399632
0.0037129
0.0037198
0.0050091
0.00437274
0.00377299
0.00462533
0.00451874
0.00395703
0.00389614
0.0039362
0.00401229
0.003832
0.00413411
0.00395562
0.0037877
0.00387566
0.00459651
0.00370618
0.00407349
0.00474923
0.00377651
0.00407129
0.00398867
0.00381015
0.00372131
0.00470065
0.00383429
0.00389358
0.00377808
0.00362211
0.00993404
0.00457025
0.00489823
0.00366609
0.00408538
0.00368179
0.00442029
0.00398648
0.00368968
0.00387489
0.00482523
0.00384182
0.00378906
0.0039449
0.0040433
0.00389025
0.00522913
0.0481315
0.00490484
0.00430553
0.00388131
0.00378146
0.00382845
0.00433787
0.00410509
0.00404425
0.00442
0.00417321
0.00396528
0.00517636
0.00572606
0.00372867
0.00355235
0.00380908
0.00433942
0.00374977
0.00461446
0.00444154
0.0036039
0.0108989
0.00410181
0.00454022
0.00358768
0.00400168
0.00569439
0.00433564
0.00397617
0.00377072
0.0038302
0.00559496
0.00364867
0.00374394
0.00379798
0.00537978
0.00372586
0.00602033
0.00613471
0.00386983
0.00372754
0.00465027
0.0050159
0.00411906
0.0045297
0.00378119
0.00389761
0.00559341
0.00542998
0.00472842
0.00367074
0.00342417
0.00567369
0.00374791
0.00385475
0.00382887
0.00461249
0.00372438
0.0040956
0.00513346
0.00397667
0.00381673
0.00565658
0.00505919
0.00563162
0.00380116
0.00376275
0.00445183
0.00386533
0.00382308
0.00375383
0.00561838
0.00916363
0.00430803
0.00382227
0.00416749
0.00504252
0.00398213
0.00480158
0.0054111
0.00367178
0.00381172
0.00393394
0.00453703
0.00367647
0.00380348
0.00375866
0.00346918
0.00407621
0.00453198
0.00428935
0.00464671
0.00543066
0.00407149
0.00456685
0.00338475
0.00389446
0.00365779
0.00417387
0.00397559
0.00405783
0.00381253
0.0040041
0.00495258
0.00384293
0.00401184
0.00405536
0.00463969
0.0043891
0.00456375
0.00402348
0.00373652
0.00374732
0.00369588
0.0038954
0.00371947
0.00368744
0.00394798
0.00400758
0.00421699
0.00406963
0.00388231
0.00441312
0.0047385
0.0043147
0.0038308
0.00366139
0.00391005
0.00404239
0.0040503
0.00451218
0.00380154
0.00377233
0.00451056
0.0037308
0.00395368
0.0042433
0.00362044
0.00380819
0.00446947
0.00431973
0.00398978
0.00371867
0.00365144
0.00381459
0.00425749
0.00380009
0.00359322
0.00381106
0.00387796
0.00404689
0.00363616
0.00394794
0.00434233
0.00407772
0.00463909
0.00527746
0.00535707
0.00365098
0.00389627
0.00366264
0.00389291
0.00389861
0.00375717
0.00395696
0.0037476
0.0038608
0.00391881
0.0039122
0.00389346
0.00384797
0.00473985
0.00457275
0.00389558
0.00433358
0.00388933
0.00399873
0.00367476
0.00396388
0.0493149
0.00409809
0.0036601
0.00377239
0.00425029
0.00410325
0.00371558
0.00399323
0.00465559
0.00436793
0.00397383
0.00398289
0.00412057
0.00377534
0.00377777
0.00382536
0.00381082
0.00398598
0.00441893
0.00402898
0.00405069
0.00383204
0.00404346
0.00367704
0.00435098
0.00439516
0.00439256
0.00378182
0.00407527
0.00430647
0.0036648
0.00395306
0.00366204
0.00391425
0.00376923
0.00403174
0.0037665
0.00385049
0.00505016
0.00399154
0.00428404
0.00469201
0.00441923
0.00468898
0.00459525
0.00420617
0.00464298
0.00485486
0.00426807
0.00492721
0.00538725
0.00394145
0.00390986
0.00369275
0.00441376
0.00437668
0.00386809
0.00509413
0.0050071
0.0045793
0.00383035
0.00384369
0.00443977
0.00323472
0.00369142
0.00376133
0.00434171
0.00382038
0.00399094
0.00452824
0.00469301
0.00346216
0.00425661
0.00465566
0.00499318
0.00386671
0.00443806
0.00488313
0.00388175
0.00482422
0.00475599
0.00389861
0.00697465
0.00499459
0.00382259
0.00603965
0.00556609
0.00406444
0.00369018
0.0046812
0.00412029
0.00367033
0.00373392
0.00474649
0.00672682
0.00370016
0.00499912
0.00426258
0.00389658
0.00496506
0.0040559
0.00468756
0.00367897
0.0045345
0.00356221
0.00437448
0.0039218
0.00579749
0.00405865
0.00409628
0.00384832
0.00356516
0.00646047
0.00447816
0.00443481
0.00364604
0.00459709
0.0036111
0.00493485
0.00560034
0.00379914
0.00445681
0.00457071
0.00364794
0.00388213
0.00364913
0.00423929
0.00475995
0.00459186
0.00451374
0.00440675
0.00430979
0.00403563
0.00439437
0.00495595
0.00358555
0.00454251
0.0201181
0.00495438
0.00388789
0.00372656
0.00429051
0.0036778
0.00440499
0.00434497
0.00533008
0.00504022
0.00371656
0.00376816
0.00389327
0.00537391
0.00427724
0.00387339
0.00478927
0.00486963
0.00406522
0.00404461
0.00384884
0.00394188
0.00364949
0.00496739
0.0071621
0.00362006
0.00562275
0.00373788
0.00362923
0.0037678
0.00404416
0.00455911
0.00476952
0.00380522
0.0036018
0.00362649
0.00459322
0.00368921
0.00403479
0.00345633
0.00354422
0.00383298
0.00400881
0.0598146
0.00466848
0.00477818
0.00566582
0.00381113
0.00363074
0.00425534
0.00425815
0.00392255
0.00372513
0.00413449
0.00464875
0.00488597
0.00396551
0.00461396
0.00370947
0.00446444
0.00439529
0.00464744
0.00517062
0.00415875
0.00363273
0.00446261
0.00377921
0.00364694
0.00394307
0.0037438
0.00387327
0.00463445
0.00388913
0.00325446
0.00360233
0.0038445
0.00522102
0.00499067
0.0037831
0.00360511
0.00384126
0.00390855
0.00375241
0.00391505
0.00459075
0.00488105
0.00523444
0.00426961
0.00398036
0.00379303
0.00397821
0.00394526
0.00376087
0.0048078
0.00389918
0.00365781
0.00379764
0.00375378
0.00351435
0.00361107
0.00360704
0.003833
0.00450172
0.00427102
0.00431502
0.00372796
0.00464499
0.0051833
0.00334923
0.00353661
0.00408941
0.00441038
0.00357655
0.00374973
0.00363006
0.00461097
0.00387057
0.00389901
0.00491421
0.00510921
0.00364218
0.00379794
0.00379305
0.00445023
0.00401421
0.00410907
0.00383004
0.0058336
0.00404657
0.00385795
0.0046132
0.00441088
0.00378246
0.00432208
0.00457396
0.0043503
0.004642
0.0039954
0.0811078
0.00483617
0.00486792
0.00385695
0.0038222
0.00390888
0.0050508
0.00435559
0.00410197
0.00381718
0.00449293
0.00433706
0.0038812
0.00445192
0.00464214
0.00454841
0.00377409
0.00377456
0.00361095
0.00361635
0.00472863
0.00369912
0.00397045
0.00419928
0.00387168
0.00367147
0.00405464
0.00393598
0.00477385
0.00446072
0.00476155
0.00378573
0.004097
0.00410111
0.00378802
0.00395354
0.00417391
0.00420089
0.00408009
0.00378554
0.00372184
0.00382547
0.00378906
0.00437593
0.00423763
0.00403706
0.00378379
0.00378957
0.00383006
0.00395197
0.00400065
0.00363514
0.00459655
0.00612456
0.00333577
0.00382109
0.00415809
0.00374333
0.00479453
0.00550777
0.00466226
0.00395773
0.00409343
0.00393894
0.00484456
0.00388998
0.00436597
0.00376425
0.00456581
0.00524159
0.00436603
0.00397557
0.00362878
0.00405318
0.00397884
0.00388656
0.00436369
0.00436687
0.00480437
0.00381612
0.00377054
0.00374393
0.00364807
0.00399764
0.00408069
0.0591151
0.00393989
0.00557307
0.00404948
0.00417569
0.00362842
0.00363932
0.00398
0.0035965
0.00486869
0.00624605
0.00790661
0.00830007
0.00578006
0.0044242
0.00374391
0.00644482
0.00442283
0.00578257
0.00518132
0.00441125
0.00380084
0.00392806
0.00461816
0.00353206
0.00436073
0.00452608
0.0754403
0.00360242
0.00618909
0.00373122
0.00416331
0.00709129
0.00362393
0.00426247
0.00544668
0.0157783
0.00416633
0.00444512
0.00499691
0.00371899
0.00425077
0.0045237
0.00452414
0.00352249
0.00412802
0.00587168
0.0056375
0.00354885
0.00533811
0.005378
0.00456443
0.00419431
0.0047057
0.00375772
0.00400686
0.0045645
0.00386499
0.00359126
0.00557227
0.00324234
0.00400439
0.00733465
0.00436803
0.00424406
0.0058313
0.00363815
0.00462263
0.00551899
0.00391428
0.00461048
0.00579758
0.00463695
0.0039469
0.00399095
0.00386958
0.00373546
0.00438562
0.00371265
0.00386878
0.00523571
0.00513811
0.0044778
0.00857734
0.00366922
0.00434352
0.00565328
0.00365068
0.00467162
0.00505
0.00388238
0.00478253
0.00697604
0.00367046
0.00386294
0.00507683
0.00472654
0.00398128
0.00403358
0.00570962
0.00793649
0.00465143
0.00429494
0.00495488
0.00550372
0.00428248
0.00518321
0.00459151
0.00363192
0.00397703
0.00532888
0.00388129
0.00474558
0.00530901
0.00377084
0.004885
0.00467231
0.0037303
0.00473499
0.00488651
0.00419418
0.00490076
0.0070883
0.00522766
0.00352369
0.00463585
0.00453211
0.00513538
0.00447294
0.00372983
0.00423729
0.00487833
0.00360008
0.00476578
0.00477894
0.0037819
0.00475945
0.00608992
0.00452112
0.00505099
0.00585114
0.0036551
0.00477831
0.00515605
0.00504174
0.00367792
0.00429038
0.00487723
0.00456629
0.00413941
0.00464489
0.00420607
0.00581986
0.00463402
0.00390776
0.00398557
0.00423025
0.00454868
0.0045707
0.00376909
0.00401066
0.00563547
0.00380448
0.00395148
0.00472446
0.00400266
0.00438425
0.00575387
0.00428293
0.00474143
0.00392002
0.00496851
0.00368215
0.00409074
0.00440079
0.00479661
0.00397143
0.00363895
0.00421767
0.00434871
0.0596068
0.00375951
0.00602699
0.00432305
0.00431882
0.00464638
0.0037555
0.0046501
0.00484733
0.00362706
0.00474362
0.00476776
0.00357984
0.0047893
0.00590727
0.00378502
0.0038784
0.00388487
0.00422018
0.00485632
0.00837687
0.00433119
0.00489829
0.00694986
0.00364315
0.00465462
0.00463071
0.00356539
0.00486585
0.00512246
0.00403621
0.00701356
0.00655271
0.00411029
0.00440151
0.00538336
0.0233215
0.00389019
0.00433156
0.00629569
0.0045353
0.00495501
0.00399844
0.0040526
0.00514314
0.00679846
0.00480719
0.00408978
0.00343475
0.00399724
0.00458814
0.00373605
0.00395841
0.0041433
0.0044037
0.00431883
0.0037639
0.0042998
0.00650762
0.00386513
0.00442152
0.00377575
0.00465973
0.00464651
0.00364374
0.00387586
0.00508005
0.00488483
0.00462799
0.00403639
0.00378188
0.00405948
0.00345561
0.00382471
0.00480167
0.00580216
0.00405202
0.00502205
0.00528279
0.00461917
0.00464391
0.00380884
0.0046716
0.00518902
0.0042092
0.00461677
0.00396347
0.00459589
0.00462168
0.00406924
0.00359988
0.00387418
0.00575915
0.00453593
0.0039995
0.00442656
0.00453738
0.00477142
0.00386651
0.00361977
0.00367594
0.00455127
0.00424193
0.00394676
0.00380904
0.00442048
0.00389509
0.0038073
0.00407599
0.00461908
0.00379027
0.00456614
0.00452364
0.00475579
0.00489151
0.00484225
0.00403379
0.00395918
0.00371106
0.00461315
0.00432305
0.00363461
0.00438243
0.00370111
0.00367464
0.00554375
0.00358175
0.00498754
0.00446638
0.00578108
0.0050191
0.0060185
0.0103484
0.00618503
0.00438051
0.00446922
0.0050541
0.00456516
0.00702256
0.00593704
0.00403556
0.00400897
0.00387869
0.00416883
0.00477967
0.00452337
0.00463226
0.00393073
0.00941123
0.00367088
0.00472318
0.00480164
0.00464865
0.00433333
0.00423983
0.00443746
0.00437654
0.00472824
0.0046652
0.00477139
0.00441976
0.00534279
0.021575
0.00380188
0.00405391
0.00445169
0.00377994
0.0038025
0.00636453
0.00502276
0.00363109
0.00377074
0.00402998
0.00462993
0.00363263
0.00435417
0.00488255
0.00364806
0.00374431
0.00389699
0.0564374
0.0036513
0.00371962
0.00481183
0.00421079
0.00453469
0.00343169
0.00424231
0.00391089
0.00384956
0.00461729
0.00483806
0.00382418
0.00405835
0.00421279
0.00480821
0.0041047
0.00413694
0.00444191
0.0362326
0.0811987
0.103311
0.00489827
0.00484047
0.00399234
0.00477725
0.00483236
0.00406098
0.0043012
0.0042827
0.00465295
0.00409123
0.0040442
0.00374254
0.00463031
0.00447673
0.00435288
0.00513889
0.00532726
0.0037377
0.0046062
0.00463422
0.00385389
0.00446419
0.0038866
0.00453549
0.00394813
0.00372208
0.00400081
0.00454854
0.00396442
0.00378659
0.00389173
0.00400514
0.00431152
0.00530536
0.00453781
0.00528075
0.00384302
0.00407615
0.00428398
0.0041743
0.00510647
0.0041398
0.00423442
0.00414762
0.0040409
0.0049182
0.00414932
0.00457456
0.00434966
0.00551524
0.00393195
0.0039759
0.00479896
0.00456002
0.0036035
0.00475981
0.00364071
0.00439936
0.00478108
0.00371217
0.00936687
0.00435613
0.00366104
0.00390688
0.00436427
0.00426634
0.00437335
0.00479958
0.00493427
0.00411744
0.00392623
0.00379695
0.00507752
0.00427119
0.00391904
0.00466218
0.00480487
0.0037356
0.00490786
0.00455621
0.0039708
0.003926
0.00425173
0.00463144
0.00374708
0.00391976
0.00385721
0.00377773
0.00457929
0.00377837
0.00383744
0.00384732
0.00367805
0.00461809
0.00460376
0.00387947
0.00377456
0.00392322
0.00479166
0.0063316
0.00483691
0.00391566
0.00543848
0.00415975
0.00366673
0.00479583
0.0047948
0.00369947
0.00440934
0.00462593
0.00415267
0.0039734
0.00462511
0.00493165
0.00473317
0.00492356
0.00461433
0.00486962
0.00396856
0.00403814
0.00402708
0.00490784
0.00417708
0.00411194
0.00427529
0.00409906
0.00379393
0.0041172
0.00386401
0.00460785
0.00448691
0.00471395
0.00413251
0.00477366
0.00431311
0.00525223
0.00512671
0.00446156
0.00445936
0.00421185
0.00470992
0.00394573
0.00426228
0.00412555
0.0055875
0.00409156
0.00388568
0.0100042
0.00540043
0.00697151
0.00426419
0.00373077
0.00457326
0.00500497
0.00402663
0.00377135
0.00481756
0.00479805
0.0646797
0.00401128
0.0046478
0.00349462
0.00387
0.00420739
0.00455319
0.00412851
0.00450635
0.00382007
0.00432644
0.00462898
0.0039044
0.00481532
0.00498268
0.00394451
0.00380698
0.00413609
0.00387605
0.00409425
0.00493847
0.00472342
0.00564114
0.00390456
0.00396553
0.00885348
0.00530587
0.004369
0.00475997
0.00479397
0.00399296
0.0039156
0.00390747
0.00467961
0.00363421
0.00464815
0.004551
0.00529871
0.0047288
0.00487422
0.00480873
0.00404295
0.00394304
0.00444641
0.00496294
0.00394768
0.00379877
0.00417931
0.00432148
0.00371725
0.00390787
0.00356618
0.00475638
0.00396011
0.00353102
0.00372758
0.00487944
0.00482879
0.00467549
0.00502451
0.00406567
0.00391757
0.00407237
0.00480836
0.00379143
0.00389677
0.00378081
0.00457986
0.00393183
0.00491113
0.0051842
0.00477033
0.00389352
7.03665
0.00771076
0.00994812
0.00481847
0.00599978
0.0053529
0.00429826
0.0038011
0.0049859
0.00578213
0.00528869
0.00583252
0.00720259
0.00488458
0.0049194
0.00489833
0.00652342
0.00934905
0.00428828
0.0730344
0.0146742
0.00439349
0.0113413
0.00606838
0.0107656
0.0143433
0.00697286
0.00684185
0.00646222
0.00379996
0.0044502
0.00417825
0.0129895
0.0106281
0.0153571
0.00590653
0.0101115
0.0155626
0.00420163
0.00413285
0.00512542
0.0114472
0.00438938
0.00575074
0.00509852
0.00408794
0.00639535
0.00619699
0.00808951
0.00383454
0.00711477
0.00527051
0.00634802
0.00411589
0.0155606
0.0292998
0.00572605
0.0075721
0.00666494
0.0111833
0.00542076
0.00794183
0.00859933
0.00572825
0.00726777
0.00845348
0.0134564
0.00455761
0.0136734
0.00431937
0.00579614
0.00412488
0.00840925
0.0107516
0.00813777
0.00694872
0.00991571
0.00479856
0.00872829
0.0108025
0.0191028
0.00734476
0.00637497
0.00782269
0.00411919
0.00507982
0.00574541
0.00486063
0.00912204
0.00627906
0.00447926
0.00768975
0.0099582
0.00545916
0.0428749
0.0126395
0.00419006
0.0190091
0.0044165
0.00420292
0.00443603
0.00431437
0.00961689
0.00861562
0.00794764
0.00646313
0.00384654
0.00645635
0.00444716
0.00593403
0.00810586
0.0062008
0.00738343
0.00852142
0.0186312
0.00867378
0.00510726
0.00737218
0.00778914
0.00805559
0.00559561
0.00391539
0.00612667
0.00800853
0.00426882
0.00567842
0.00560783
0.0284637
0.0113904
0.00711007
0.0148995
0.00506003
0.00430222
0.00366066
0.0077925
0.00551123
0.00427892
0.0426984
0.0335748
0.00642899
0.012165
0.0356223
0.00537011
0.0116168
0.00719717
0.0061149
0.00541451
0.0447508
0.0154521
0.00595013
0.00656236
0.00810416
0.00439162
0.00433882
0.00561267
0.00610094
0.0061217
0.0106881
0.00608122
0.00970008
0.00749355
0.00441743
0.00476393
0.00901678
0.0129437
0.00582234
0.00389059
0.00538934
0.00498327
0.0054834
0.00416168
0.00459848
0.00558298
0.00703662
0.0149485
0.0083748
0.00866491
0.00773762
0.0131283
0.0049155
0.00398929
0.00769839
0.00696174
0.00595047
0.00519803
0.00419143
0.00471898
0.0103182
0.00714931
0.0270034
0.011277
0.00755377
0.00837504
0.0104208
0.00601321
0.00417165
0.00666636
0.00545878
0.020375
0.00756279
0.00989954
0.00406142
0.00436803
0.00425552
0.0049597
0.00779755
0.0282496
0.00533101
0.00384376
0.00417771
0.00924923
0.0071387
0.00459747
0.00404016
0.00849348
0.00640494
0.00661821
0.0178051
0.0196944
0.00592028
0.00839229
0.00669754
0.00721943
0.0141673
0.00746438
0.00569051
0.00661788
0.00591177
0.00845802
0.00676676
0.00456734
0.016203
0.00459662
0.00484087
0.00568353
0.00726034
0.00676196
0.00914341
0.00728327
0.00713993
0.0085765
0.0144347
0.00549617
0.00382307
0.00724587
0.0118558
0.00613212
0.00512541
0.00582624
0.00466162
0.00568825
0.00664003
0.0044833
0.0058636
0.00691499
0.00859358
0.00428321
0.0124319
0.0089141
0.00470756
0.00768921
0.00534543
0.00437413
0.00558279
0.00589284
0.00727449
0.00557566
0.00464884
0.0100379
0.00808818
0.0225982
0.00411907
0.00967606
0.00392727
0.0112709
0.00843882
0.00533896
0.00949093
0.00514792
0.00470409
0.00669166
0.00908288
0.00818389
0.0042237
0.0106756
0.0108053
0.00668935
0.00958401
0.00497745
0.00436466
0.00491612
0.00755953
0.0050761
0.0051343
0.087433
0.00517812
0.00945111
0.00410805
0.0388519
0.0418332
0.289295
0.00627857
0.00472909
0.00511106
0.00683155
0.00450666
0.00492722
0.00510989
0.00467337
0.00496685
0.004205
0.00377797
0.00405563
0.00444149
0.00458821
0.00411855
0.00442031
0.00460774
0.00385389
0.00399155
0.0040705
0.00383951
0.00331443
0.00604237
0.0037665
0.00391507
0.00537336
0.00478851
0.00463459
0.00641617
0.00393865
0.00787167
0.0127853
0.00464724
0.00458774
0.00618406
0.00388564
0.00385751
0.00502604
0.0055459
0.00558562
0.00398109
0.00447952
0.00593123
0.00558968
0.00449721
0.00395134
0.00609595
0.00360392
0.00428808
0.00471137
0.00560382
0.00814843
0.00568726
0.003703
0.00373359
0.00607203
0.00388412
0.00385996
0.00661031
0.00560069
0.00373106
0.00915152
0.00446216
0.00417756
0.00522976
0.00536946
0.00426811
0.00503714
0.00573727
0.0111225
0.00376229
0.0038015
0.00446791
0.00561878
0.00477841
0.00705979
0.00590275
0.00628459
0.00373214
0.00715648
0.00358452
0.00522375
0.00444434
0.00408581
0.00409733
0.00795005
0.00441294
0.00384117
0.00401819
0.00379071
0.00448883
0.00496426
0.0868437
0.112044
0.00866841
0.00486303
0.00373775
0.00823966
0.00479251
0.00657385
0.00948129
0.00677502
0.00608035
0.00422533
0.00448935
0.00507893
0.00473
0.0045931
0.00458206
0.00594259
0.00471152
0.00482076
0.00679914
0.00513703
0.00396189
0.00493071
0.00619295
0.00462163
0.00573923
0.00744183
0.00375622
0.00559497
0.00517655
0.00495935
0.033066
0.0592602
0.00407804
0.00529541
0.00557656
0.00395253
0.00532275
0.00544415
0.00359583
0.0050618
0.00554474
0.00374018
0.00461358
0.00462009
0.00436
0.00560495
0.00469502
0.00598369
0.00408994
0.00370929
0.00376256
0.00471922
0.00384203
0.00681556
0.00646877
0.00970979
0.00658386
0.00563999
0.00471143
0.00601302
0.00545659
0.00478795
0.0216585
0.00519542
0.00578415
0.028512
0.00721894
0.00776656
0.00604656
0.00550493
0.00414276
0.00374718
0.0040987
0.0041182
0.00326927
0.00424924
0.00548121
0.00372826
0.00597897
0.00436724
0.00399664
0.00548778
0.00423047
0.00381904
0.00444747
0.00440717
0.00549763
0.00473537
0.00620169
0.00516905
0.00613345
0.00604538
0.00745334
0.111638
0.017715
0.00626205
0.00418476
0.0058502
0.00541296
0.00424417
0.00377908
0.00395744
0.00424903
0.003627
0.00747774
0.00567004
0.00605109
0.00678933
0.00948675
0.00743579
0.00459963
0.00471186
0.0078514
0.00459117
0.00521416
0.00549275
0.00517344
0.00504147
0.0053669
0.00536559
0.00481553
0.00378334
0.00711923
0.00712198
0.0057952
0.00535182
0.00563546
0.00380351
0.00459665
0.00359724
0.00404334
0.00390577
0.00615441
0.00816093
0.00517473
0.00489067
0.00550885
0.00685368
0.00464662
0.00468645
0.0056879
0.00469321
0.0053949
0.0042899
0.00411924
0.00488545
0.00605153
0.00414235
0.00484945
0.00464492
0.00505402
0.00690842
0.0097298
0.00994676
0.00842433
0.00401372
0.0621371
0.0126596
0.00795146
0.00542137
0.00395484
0.00457193
0.00402799
0.00451139
0.00508943
0.00391513
0.00460645
0.00375463
0.0042341
0.00448689
0.00454491
0.003882
0.00478952
0.00479707
0.00604229
0.0070884
0.0093801
0.00399811
0.00406658
0.00458367
0.00791338
0.0055941
0.0080706
0.00548464
0.00909954
0.00495792
0.00450751
0.00708327
0.00570342
0.0358607
0.00532166
0.00507267
0.00427874
0.00492947
0.00494253
0.00640206
0.00608788
0.00568731
0.00571545
0.0084688
0.00508444
0.00660692
0.00795406
0.00639266
0.00658051
0.00608384
0.00419394
0.0050792
0.00453428
0.00442878
0.00375292
0.00411749
0.00400318
0.0040595
0.00399501
0.00464785
0.00431488
0.00386814
0.00449033
0.00642491
0.0466246
0.00576722
0.00498413
0.00430142
0.00557798
0.00583292
0.00659904
0.00428811
0.00492713
0.0061244
0.00808405
0.00520582
0.00862057
0.00455105
0.00525647
0.00438005
0.00451615
0.00452185
0.00618406
0.00589763
0.00943631
0.0041223
0.00399453
0.0050584
0.0121483
0.0291698
0.00488906
0.00544772
0.00388654
0.0041172
0.00501709
0.0141084
0.00378349
0.00401402
0.00391333
0.00398292
0.00463215
0.00457075
0.00383964
0.00404778
0.00385577
0.00387424
0.00402342
0.00405898
0.00467704
0.00649647
0.00806605
0.00613354
0.00394057
0.00384656
0.00509425
0.00497587
0.0074329
0.00509948
0.00611849
0.0038221
0.00386697
0.00410012
0.00492979
0.00463206
0.00522795
0.00915208
0.0039171
0.00485763
0.0040942
0.0047177
0.00393483
0.00406509
0.00457083
0.00387616
0.00410317
0.00394086
0.00487899
0.00385668
0.00442472
0.00429792
0.00376469
0.00403059
0.00406149
0.0044575
0.00668136
0.00949082
0.00541782
0.00518706
0.00469602
0.00445829
0.00571533
0.0059833
0.00445736
0.00728349
0.00647153
0.00713318
0.0060246
0.00514243
0.00418598
0.00458763
0.00426322
0.0040826
0.00394023
0.0038654
0.00471361
0.0046137
0.00465166
0.00575139
0.00675344
0.00561417
0.00813352
0.00415292
0.0061041
0.00554556
0.00486963
0.00420322
0.00714681
0.00509759
0.006857
0.00894205
0.00426481
0.00349105
0.00383048
0.00392766
0.00414402
0.00445506
0.0044151
0.00467049
0.00813507
0.00967031
0.00417134
0.00353005
0.00569084
0.00506254
0.00427015
0.00443274
0.0041201
0.00960137
0.00528272
0.00485296
0.00407269
0.00406274
0.00397482
0.00399457
0.00391126
0.00415129
0.00406335
0.00492028
0.00572671
0.00460043
0.00509714
0.00558344
0.00347882
0.00625724
0.00608186
0.00657799
0.00513476
0.00636563
0.00760472
0.00763345
0.00578294
0.00617961
0.009093
0.0141665
0.00779159
0.00663623
0.00520605
0.00649808
0.00477731
0.00490422
0.00712134
0.00561348
0.00565462
0.00805745
0.00785037
0.00595718
0.00565285
0.00686229
0.0044376
0.0068608
0.00461011
0.00420722
0.00416099
0.0056662
0.00601124
0.00847894
0.00388404
0.00413218
0.00410488
0.00403196
0.00589733
0.00389736
0.00473635
0.00400111
0.00349176
0.00425611
0.00413735
0.0042428
0.00518378
0.00551415
0.00396134
0.00412032
0.00405704
0.00385133
0.00459059
0.00480377
0.00501198
0.0046582
0.00693556
0.0369525
0.00529662
0.00625192
0.00556829
0.0042546
0.0060257
0.00419712
0.00465277
0.00383568
0.00386757
0.00404559
0.00421406
0.00484906
0.00429463
0.00468978
0.00551147
0.00780947
0.0066293
0.00725306
0.00473494
0.00391714
0.00371773
0.00474546
0.00475278
0.0045744
0.00543638
0.00565953
0.00544051
0.00603501
0.00611541
0.00478322
0.00559715
0.0071543
0.00761398
0.00921006
0.0316241
0.00712176
0.00641593
0.00576716
0.00560885
0.00516551
0.00419403
0.00583941
0.00821395
0.00534527
0.0076236
0.00495745
0.00761446
0.00365483
0.0048181
0.00413586
0.00402202
0.00406274
0.00582835
0.00464864
0.00541456
0.0056387
0.00689118
0.00381719
0.003575
0.00396746
0.00410756
0.00409606
0.00460752
0.00402403
0.00423752
0.00404284
0.00400283
0.0052245
0.00495333
0.00766589
0.00390827
0.00429721
0.00511009
0.00387632
0.00559969
0.00587148
0.00559594
0.00465075
0.00378571
0.00389041
0.00393964
0.00474747
0.00399907
0.00436516
0.00402154
0.00363571
0.00657163
0.00471345
0.0048853
0.00508305
0.00740859
0.00770928
0.00461157
0.00588805
0.00550444
0.00467034
0.00743421
0.00463286
0.00547032
0.00597683
0.00476491
0.00636774
0.00658247
0.00814188
0.00759552
0.0046985
0.00608556
0.00906099
0.00766614
0.00448701
0.00402499
0.0041682
0.00399074
0.00405735
0.00485949
0.00500291
0.00415947
0.0047399
0.00492917
0.0038648
0.00420269
0.00380957
0.0039963
0.00537516
0.00472681
0.00437306
0.0042379
0.0288187
0.00855406
0.00382744
0.00571632
0.00340206
0.00404596
0.0100943
0.00404501
0.00393116
0.00476213
0.00435649
0.00404297
0.00436784
0.00464512
0.00397943
0.00392519
0.00393046
0.00394208
0.00457055
0.00421029
0.00394838
0.0152039
0.00391151
0.00366886
0.0052845
0.00338198
0.00402897
0.00442505
0.00384797
0.00387009
0.0042814
0.0135472
0.00462303
0.00488859
0.00403519
0.00422697
0.00526157
0.00387696
0.00386055
0.00488386
0.00387221
0.00501078
0.00543861
0.0039834
0.00420588
0.00447481
0.003611
0.00395941
0.00397551
0.00464898
0.00510496
0.00514601
0.0377828
0.00595331
0.00403245
0.00388784
0.00373758
0.00476573
0.00506212
0.00502594
0.00562716
0.00560266
0.0061478
0.0059705
0.00413801
0.00948939
0.00407376
0.00377612
0.00431838
0.00424328
0.00462179
0.0046566
0.00412118
0.00403924
0.00448144
0.00421987
0.00519873
0.00462893
0.00410198
0.00473083
0.00413788
0.00487843
0.00828875
0.00369914
0.00437496
0.00525049
0.00424936
0.00405471
0.00420011
0.00413969
0.00405535
0.00418526
0.00385838
0.0041321
0.00486225
0.00407042
0.00584768
0.00455506
0.00370604
0.0036504
0.00399034
0.00462586
0.00379264
0.0038758
0.00408957
0.00488246
0.00421443
0.00509625
0.0045527
0.00325436
0.00406947
0.00397435
0.00458462
0.00449505
0.00402706
0.00445739
0.00563807
0.00674419
0.00503092
0.00500731
0.00400177
0.00375659
0.00387239
0.00406001
0.00455022
0.00371649
0.0040057
0.00477129
0.00401313
0.00388401
0.0034372
0.00378008
0.00409451
0.00420304
0.00443354
0.00456594
0.00391688
0.00391054
0.00481291
0.0517321
0.00793731
0.00496061
0.0038452
0.00387203
0.00480389
0.0037561
0.00398216
0.00397998
0.00484622
0.00390136
0.00404457
0.00388422
0.00486949
0.00412627
0.00408311
0.00421437
0.00430252
0.00492368
0.00410566
0.0047295
0.00559734
0.0044716
0.0040958
0.00382716
0.00466407
0.00472528
0.00382278
0.00456602
0.00496558
0.00382395
0.00395336
0.00901725
0.00442336
0.00505627
0.00482489
0.00411076
0.00410416
0.00414347
0.00394031
0.00475962
0.00578343
0.00465332
0.00480048
0.00486149
0.0044231
0.00391008
0.00401313
0.00386076
0.00396435
0.0039417
0.00481686
0.00490179
0.00575668
0.00375625
0.00491161
0.00510931
0.00389975
0.00494051
0.00474015
0.00466918
0.00543514
0.00727055
0.00426779
0.00346796
0.00425077
0.00430326
0.00397214
0.00463894
0.00591577
0.00482879
0.0041184
0.00390236
0.00664165
0.0040188
0.00333141
0.00394974
0.004416
0.00480024
0.00492459
0.00544846
0.00383612
0.00391203
0.00407511
0.00385364
0.0040476
0.00479328
0.00459044
0.00425236
0.00423631
0.00410828
0.00395413
0.00387663
0.0834845
0.00467672
0.00439499
0.00585672
0.00441234
0.00401475
0.00408603
0.00398746
0.00429983
0.00419267
0.00412632
0.00414387
0.00416604
0.00502299
0.00405818
0.00402159
0.00460546
0.00417592
0.00409566
0.0218525
0.00417321
0.00420781
0.00495591
0.00407547
0.00373693
0.00409131
0.00414747
0.00410308
0.00482168
0.00549929
0.00390025
0.00361226
0.00381409
0.00373177
0.00385564
0.00440877
0.00405827
0.00406161
0.0040253
0.00426791
0.00442185
0.00401041
0.00400962
0.00550901
0.00394965
0.00606613
0.00415124
0.00408787
0.00394929
0.00396502
0.00408121
0.00476604
0.00372229
0.00411967
0.0040354
0.00404542
0.00475841
0.00486444
0.00392184
0.00389819
0.00379083
0.0040845
0.00378826
0.00404832
0.00429258
0.00480259
0.00363654
0.00399402
0.00549864
0.0258867
0.00388102
0.00391447
0.00392818
0.00501537
0.00488636
0.0195054
0.00462413
0.00460177
0.00426303
0.0048629
0.00487505
0.00406038
0.00466137
0.00415771
0.00396716
0.00415453
0.00409993
0.00442753
0.00419535
0.00412309
0.00401316
0.00430522
0.00412145
0.00575929
0.00458856
0.00473533
0.0048562
0.00417901
0.00415295
0.00387313
0.00430722
0.0039718
0.00425971
0.00492405
0.00398179
0.00437769
0.0050044
0.00462169
0.00485244
0.00443215
0.00511029
0.00678015
0.0045851
0.00407523
0.0045037
0.0049255
0.00479655
0.00478048
0.00618309
0.00482325
0.00479088
0.00405611
0.00502146
0.00448879
0.00624892
0.00372812
0.00573266
0.00483169
0.00504443
0.00373898
0.00417559
0.0215181
0.00866595
0.00460115
0.00447899
0.00461036
0.00416796
0.00430659
0.00401047
0.00587486
0.00510615
0.00381161
0.00396664
0.00459615
0.00499315
0.00462906
0.00371324
0.00397084
0.0059047
0.00640486
0.00432083
0.00702072
0.00380763
0.00513874
0.00406286
0.00450036
0.00491595
0.00413276
0.00423577
0.00395343
0.00522365
0.00479156
0.00459441
0.00559406
0.00561224
0.00576205
0.00678167
0.0070106
0.00560114
0.00471525
0.00572455
0.00555024
0.00566681
0.00675965
0.00809211
0.00449685
0.00567953
0.00662598
0.00468912
0.00383359
0.0349655
0.004545
0.00625067
0.0062985
0.00381226
0.00387044
0.0043649
0.0645284
0.00516903
0.0044729
0.00414018
0.00405695
0.00497615
0.00404738
0.00376963
0.00386607
0.00467689
0.00398591
0.00390626
0.0047526
0.00492967
0.00396109
0.00409301
0.00417107
0.00498662
0.00384207
0.0041092
0.00413398
0.0182172
0.00404646
0.004368
0.00493877
0.00474696
0.00369897
0.00419985
0.00412408
0.00468663
0.00406847
0.00396129
0.00411512
0.00483555
0.00429918
0.00502313
0.00474879
0.00410947
0.00491299
0.0040973
0.0234589
0.003978
0.00506914
0.00508695
0.00422466
0.00635088
0.00466832
0.00366264
0.00431
0.00395012
0.00435697
0.00395148
0.00459671
0.00469101
0.00497634
0.00405701
0.928648
0.00448289
0.00470787
0.00488972
0.00493341
0.00560968
0.00560364
0.00521743
0.00515998
0.00767272
0.00571095
0.00607061
0.00811075
0.00762203
0.0041806
0.0052553
0.00475129
0.00388422
0.00409105
0.00485508
0.00459167
0.00402318
0.00394595
0.00416346
0.00498536
0.00395656
0.00399332
0.00391247
0.00395207
0.00398123
0.00516403
0.00403465
0.00398168
0.00397542
0.0042837
0.0038037
0.00470708
0.00400002
0.00427499
0.00410181
0.00402764
0.00427585
0.00389785
0.0038254
0.00404585
0.00395086
0.00457978
0.00375315
0.00496083
0.00591843
0.00477665
0.00458795
0.00471167
0.00401719
0.00413523
0.003775
0.0434663
0.00381991
0.00507747
0.00600819
0.00381722
0.00459696
0.00451729
0.00418034
0.0051761
0.00535599
0.00449149
0.00679963
0.00513112
0.00407889
0.00395632
0.00486359
0.00377394
0.00386192
0.00381174
0.00334223
0.00586896
0.00627689
0.00482633
0.00438802
0.00398624
0.00407412
0.00383386
0.00392767
0.00426347
0.00479034
0.0047056
0.00404493
0.00487296
0.0060909
0.00439382
0.00471863
0.0051407
0.00478864
0.0059619
0.0052124
0.00357841
0.00417869
0.00442136
0.00399293
0.0047301
0.00470826
0.00575204
0.00418108
0.00430483
0.00399545
0.00402249
0.00411685
0.00390992
0.00401604
0.00409366
0.00477658
0.052658
0.00454263
0.00485143
0.00401826
0.00411202
0.0355676
0.00413739
0.00594518
0.00395109
0.00392994
0.00416848
0.0049864
0.00414961
0.00443971
0.00498786
0.00485805
0.103981
0.00368513
0.00455966
0.00394501
0.00377053
0.00438015
0.00463562
0.00379345
0.00388655
0.00510605
0.00410891
0.00387628
0.00574116
0.0047301
0.00366677
0.00399774
0.00382437
0.00540371
0.00527255
0.00395311
0.00459807
0.0048353
0.00399978
0.00399259
0.00404626
0.00559075
0.00489434
0.00399698
0.00406107
0.00566793
0.00418741
0.00335058
0.00513377
0.00401376
0.00398166
0.00490671
0.00393682
0.00402171
0.0047635
0.0048464
0.0467931
0.00450991
0.00538763
0.00384239
0.00392722
0.00414194
0.00393904
0.00471066
0.00398403
0.00399812
0.00404622
0.00478388
0.00357969
0.0041444
0.00385089
0.00386469
0.00407881
0.00415004
0.00388253
0.00402847
0.00536422
0.00375119
0.00390035
0.00407887
0.00410444
0.00395384
0.00402838
0.0040143
0.00407827
0.00537383
0.0348036
0.00404573
0.0040986
0.00464656
0.00396147
0.00414285
0.00374714
0.00461328
0.00439487
0.00393994
0.00438096
0.00479335
0.00408247
0.00398397
0.00387307
0.004628
0.00468154
0.00459613
0.00398323
0.00403718
0.00492158
0.00499633
0.00405381
0.00444031
0.00442543
0.00485616
0.0504001
0.00369062
0.0325597
0.00408704
0.00389949
0.00448502
0.00463431
0.00414534
0.00563101
0.00493909
0.003991
0.00383299
0.00794022
0.00452195
0.00383526
0.00502489
0.00559524
0.00469613
0.00378462
0.00379905
0.00415346
0.00367056
0.00488237
0.00400168
0.00404134
0.00465119
0.00423417
0.00407992
0.00398085
0.00473168
0.00410243
0.00406149
0.00587456
0.00479494
0.00407078
0.00480345
0.00446508
0.00477517
0.00501498
0.0040338
0.00338824
0.00492631
0.00491895
0.00401697
0.00459796
0.00610069
0.00382757
0.00383699
0.00379888
0.00401479
0.00403778
0.00462367
0.00386553
0.00399634
0.00405625
0.00473925
1.04416
0.00349567
0.00473886
0.0047588
0.00471789
0.00351624
0.00501521
0.00381698
0.00399748
0.00410818
0.00398257
0.00476724
0.00516271
0.00483388
0.00459366
0.00550105
0.00416753
0.0458781
0.0048941
0.00504752
0.00473252
0.00514242
0.00603099
0.00411836
0.00383642
0.00422818
0.00409965
0.00482095
0.00489312
0.00591206
0.00494185
0.00444288
0.00380026
0.00383086
0.00512337
0.00389999
0.00466978
0.0048791
0.00412894
0.0052308
0.00476675
0.00470312
0.00385225
0.00388217
0.00411794
0.00482561
0.00502042
0.00374485
0.0056185
0.00621243
0.00391352
0.00374351
0.00398612
0.00471921
0.00401857
0.00384337
0.0845987
0.00620927
0.00384645
0.00410341
0.00479456
0.00486746
0.00414006
0.00399226
0.00410753
0.00653833
0.00396018
0.00497968
0.0041806
0.00411395
0.00384927
0.00389589
0.00405025
0.00453729
0.00393128
0.00411196
0.00401668
0.00484986
0.00411237
0.00412351
0.00659153
0.00479434
0.00488019
0.00563264
0.00470654
0.00391081
0.00461053
0.00483629
0.00488225
0.00430663
0.00475966
0.00454089
0.00379659
0.00377633
0.00392882
0.00465794
0.0037792
0.00377857
0.00371197
0.00606556
0.00466123
0.00382995
0.00430219
0.00374595
0.00362257
0.00381619
0.0047264
0.00499621
0.00370988
0.00493131
0.00440851
0.00447837
0.0545651
0.00389897
0.00502011
0.00397582
0.0046413
0.00460641
0.00488031
0.00396948
0.00496958
0.0047245
0.00382998
0.00667861
0.00492566
0.0037446
0.00413304
0.00393426
0.00466279
0.00404572
0.0040542
0.00342109
0.00408172
0.00466434
0.00387792
0.00437772
0.00495776
0.00385531
0.00448575
0.00469874
0.00386056
0.00580907
0.00572416
0.00388589
0.00380504
0.0040135
0.00468455
0.00407893
0.00405103
0.00393746
0.0573973
0.00497962
0.00374721
0.00416031
0.00596593
0.00388542
0.00479859
0.00476458
0.00478842
0.00555186
0.00384283
0.00462175
0.003912
0.00405086
0.00395473
0.00470881
0.00380039
0.00511808
0.00563879
0.00466913
0.00385648
0.0047092
0.00484751
0.0035598
0.00403516
0.00483947
0.00470232
0.00409546
0.00399426
0.00390605
0.00482996
0.0041709
0.00392622
0.0046337
0.00482989
0.00393299
0.00398321
0.00397196
0.00464907
0.00403098
0.00458238
0.00399137
0.00611513
0.00476215
0.00343118
0.00409431
0.00527561
0.0428499
0.00462616
0.00395279
0.00398635
0.00486723
0.00657811
0.00383671
0.00390266
0.00378372
0.00464908
0.00459081
0.00398188
0.00389062
0.00538191
0.0045967
0.0104409
0.00391549
0.00406774
0.0034972
0.00461598
0.00444516
0.00381575
0.00582708
0.00490521
0.00399466
0.0041058
0.00375277
0.00377288
0.003676
0.00477433
0.0040033
0.00532729
0.00474467
0.00401916
0.00553673
0.00488539
0.00393652
0.00394595
0.00387033
0.00419569
0.00609032
0.00580275
0.00384534
0.00433286
0.00474444
0.00409119
0.00387608
0.00419864
0.00442727
0.00457598
0.00576057
0.00396851
0.00410197
0.00391577
0.00455242
0.00360738
0.00419303
0.00565198
0.00717897
0.00569972
0.0043038
0.00646445
0.00495997
0.00823873
0.0052307
0.00501368
0.00473013
0.00825786
0.0131512
0.00413953
0.00824942
0.00490929
0.00608399
0.00582019
0.00460289
0.00715377
0.00390089
0.00530596
0.00771816
0.00393431
0.0046694
0.0132709
0.0171481
0.0617197
0.0111267
0.00603485
0.00541652
0.00394694
0.00392173
0.00411523
0.00403815
0.00515213
0.00642471
0.00746627
0.00412277
0.00402203
0.00428573
0.00395924
0.00479696
0.00464303
0.00549108
0.00428113
0.00357174
0.00519122
0.00420874
0.00418802
0.00486325
0.00493458
0.00463239
0.00664584
0.00533772
0.00406596
0.00498403
0.0703585
0.0213389
0.00576881
