   1.0870000e+03
   1.0300000e+03
   1.0490000e+03
   1.0210000e+03
   1.0280000e+03
   1.0210000e+03
   1.0240000e+03
   1.0300000e+03
   1.0370000e+03
   1.0300000e+03
   1.0240000e+03
   1.0330000e+03
   1.0280000e+03
   1.0280000e+03
   1.0280000e+03
   1.0190000e+03
   1.0210000e+03
   1.0280000e+03
   1.0290000e+03
   1.0490000e+03
   1.0270000e+03
   1.0210000e+03
   1.0290000e+03
   1.0290000e+03
   1.0260000e+03
   1.0190000e+03
   1.0170000e+03
   1.0390000e+03
   1.0230000e+03
   1.0270000e+03
   1.0300000e+03
   1.0180000e+03
   1.0220000e+03
   1.0260000e+03
   1.0280000e+03
   1.0520000e+03
   1.0310000e+03
   1.0240000e+03
   1.0330000e+03
   1.0240000e+03
   1.0200000e+03
   1.0270000e+03
   1.0220000e+03
   1.0260000e+03
   1.0200000e+03
   1.0370000e+03
   1.0210000e+03
   1.0270000e+03
   1.0230000e+03
   1.0550000e+03
   1.0210000e+03
   1.0180000e+03
   1.0280000e+03
   1.0470000e+03
   1.0300000e+03
   1.0180000e+03
   1.0280000e+03
   1.0270000e+03
   1.0310000e+03
   1.0260000e+03
   1.0150000e+03
   1.0240000e+03
   1.0390000e+03
   1.0260000e+03
   1.0290000e+03
   1.0180000e+03
   1.0340000e+03
   1.0410000e+03
   1.0240000e+03
   1.0240000e+03
   1.0280000e+03
   1.0200000e+03
   1.0390000e+03
   1.0390000e+03
   1.0100000e+03
   1.0300000e+03
   1.0260000e+03
   1.0290000e+03
   1.0230000e+03
   1.0230000e+03
   1.0310000e+03
   1.0510000e+03
   1.0240000e+03
   1.0280000e+03
   1.0210000e+03
   1.0270000e+03
   1.0270000e+03
   1.0900000e+03
   1.0200000e+03
   1.0380000e+03
   1.0120000e+03
   1.0370000e+03
   1.0230000e+03
   1.0260000e+03
   1.0550000e+03
   1.0230000e+03
   1.0280000e+03
   1.0330000e+03
   1.0300000e+03
   1.0290000e+03
   1.0270000e+03
   1.0470000e+03
   1.0240000e+03
   1.0240000e+03
   1.0230000e+03
   1.0250000e+03
   1.0180000e+03
   1.0270000e+03
   1.0110000e+03
   1.0280000e+03
   1.0240000e+03
   1.0350000e+03
   1.0280000e+03
   1.0290000e+03
   1.0290000e+03
   1.0260000e+03
   1.0120000e+03
   1.0170000e+03
   1.0420000e+03
   1.0190000e+03
   1.0240000e+03
   1.0470000e+03
   1.0210000e+03
   1.0480000e+03
   1.0490000e+03
   1.0280000e+03
   1.0270000e+03
   1.0180000e+03
   1.0210000e+03
   1.0230000e+03
   1.0250000e+03
   1.0260000e+03
   1.0220000e+03
   1.0280000e+03
   1.0210000e+03
   1.0280000e+03
   1.0280000e+03
   1.0200000e+03
   1.0470000e+03
   1.0180000e+03
   1.0380000e+03
   1.0270000e+03
   1.0210000e+03
   1.0280000e+03
   1.0220000e+03
   1.0350000e+03
   1.0220000e+03
   1.0280000e+03
   1.0210000e+03
   1.0260000e+03
   1.0300000e+03
   1.0470000e+03
   1.0270000e+03
   1.0280000e+03
   1.0190000e+03
   1.0570000e+03
   1.0230000e+03
   1.0160000e+03
   1.0290000e+03
   1.0270000e+03
   1.0280000e+03
   1.0280000e+03
   1.0120000e+03
   1.0260000e+03
   1.0290000e+03
   1.0260000e+03
   1.0290000e+03
   1.0180000e+03
   1.0220000e+03
   1.0270000e+03
   1.0270000e+03
   1.0180000e+03
   1.0280000e+03
   1.0280000e+03
   1.0230000e+03
   1.0450000e+03
   1.0240000e+03
   1.0230000e+03
   1.0240000e+03
   1.0260000e+03
   1.0210000e+03
   1.0300000e+03
   1.0180000e+03
   1.0270000e+03
   1.0290000e+03
   1.0710000e+03
   1.0250000e+03
   1.0290000e+03
   1.0260000e+03
   1.0700000e+03
   1.0300000e+03
   1.0140000e+03
   1.0400000e+03
   1.0450000e+03
   1.0260000e+03
   1.0210000e+03
   1.0380000e+03
   1.0270000e+03
   1.0280000e+03
   1.0270000e+03
   1.0150000e+03
   1.0220000e+03
   1.0390000e+03
   1.0260000e+03
   1.0240000e+03
   1.0280000e+03
   1.0110000e+03
   1.0790000e+03
   1.0270000e+03
   1.0180000e+03
   1.0200000e+03
   1.0270000e+03
   1.0210000e+03
   1.0250000e+03
   1.0290000e+03
   1.0290000e+03
   1.0280000e+03
   1.0270000e+03
   1.0130000e+03
   1.0260000e+03
   1.0410000e+03
   1.0260000e+03
   1.0280000e+03
   1.0270000e+03
   1.0110000e+03
   1.0370000e+03
   1.0430000e+03
   1.0150000e+03
   1.0280000e+03
   1.0180000e+03
   1.0290000e+03
   1.0270000e+03
   1.0420000e+03
   1.0260000e+03
   1.0230000e+03
   1.0260000e+03
   1.0280000e+03
   1.0200000e+03
   1.0200000e+03
   1.0170000e+03
   1.0320000e+03
   1.0160000e+03
   1.0220000e+03
   1.0230000e+03
   1.0190000e+03
   1.0290000e+03
   1.0210000e+03
   1.0170000e+03
   1.0380000e+03
   1.0190000e+03
   1.0280000e+03
   1.0280000e+03
   1.0350000e+03
   1.0230000e+03
   1.0180000e+03
   1.0190000e+03
   1.0190000e+03
   1.0270000e+03
   1.0240000e+03
   1.0210000e+03
   1.0390000e+03
   1.0450000e+03
   1.0280000e+03
   1.0310000e+03
   1.0280000e+03
   1.0270000e+03
   1.0180000e+03
   1.0270000e+03
   1.0220000e+03
   1.0260000e+03
   1.0220000e+03
   1.0370000e+03
   1.0280000e+03
   1.0270000e+03
   1.0290000e+03
   1.0270000e+03
   1.0130000e+03
   1.0450000e+03
   1.0200000e+03
   1.0190000e+03
   1.0290000e+03
   1.0270000e+03
   1.0210000e+03
   1.0270000e+03
   1.0260000e+03
   1.0560000e+03
   1.0410000e+03
   1.0300000e+03
   1.0200000e+03
   1.0280000e+03
   1.0290000e+03
   1.0340000e+03
   1.0260000e+03
   1.0170000e+03
   1.0210000e+03
   1.0170000e+03
   1.0390000e+03
   1.0280000e+03
   1.0290000e+03
   1.0270000e+03
   1.0290000e+03
   1.0270000e+03
   1.0240000e+03
   1.0340000e+03
   1.0180000e+03
   1.0180000e+03
   1.0280000e+03
   1.0300000e+03
   1.0210000e+03
   1.0360000e+03
   1.0230000e+03
   1.0290000e+03
   1.0360000e+03
   1.0220000e+03
   1.0350000e+03
   1.0220000e+03
   1.0290000e+03
   1.0320000e+03
   1.0190000e+03
   1.0240000e+03
   1.0280000e+03
   1.0270000e+03
   1.0290000e+03
   1.0330000e+03
   1.0250000e+03
   1.0300000e+03
   1.0200000e+03
   1.0240000e+03
   1.0400000e+03
   1.0240000e+03
   1.0290000e+03
   1.0180000e+03
   1.0210000e+03
   1.0260000e+03
   1.0250000e+03
   1.0420000e+03
   1.0290000e+03
   1.0200000e+03
   1.0390000e+03
   1.0280000e+03
   1.0220000e+03
   1.0290000e+03
   1.0210000e+03
   1.0280000e+03
   1.0210000e+03
   1.0360000e+03
   1.0220000e+03
   1.0200000e+03
   1.0390000e+03
   1.0190000e+03
   1.0240000e+03
   1.0210000e+03
   1.0290000e+03
   1.0640000e+03
   1.0180000e+03
   1.0460000e+03
   1.0220000e+03
   1.0310000e+03
   1.0180000e+03
   1.0270000e+03
   1.0240000e+03
   1.0250000e+03
   1.0280000e+03
   1.0480000e+03
   1.0520000e+03
   1.0260000e+03
   1.0190000e+03
   1.0170000e+03
   1.0210000e+03
   1.0160000e+03
   1.0240000e+03
   1.0470000e+03
   1.0190000e+03
   1.0180000e+03
   1.0200000e+03
   1.0420000e+03
   1.0190000e+03
   1.0160000e+03
   1.0480000e+03
   1.0280000e+03
   1.0310000e+03
   1.0470000e+03
   1.0190000e+03
   1.0280000e+03
   1.0250000e+03
   1.0390000e+03
   1.0270000e+03
   1.0170000e+03
   1.0310000e+03
   1.0260000e+03
   1.0280000e+03
   1.0310000e+03
   1.0170000e+03
   1.0260000e+03
   1.0320000e+03
   1.0160000e+03
   1.0290000e+03
   1.0270000e+03
   1.0620000e+03
   1.0260000e+03
   1.0190000e+03
   1.0380000e+03
   1.0200000e+03
   1.0160000e+03
   1.0240000e+03
   1.0250000e+03
   1.0290000e+03
   1.0270000e+03
   1.0220000e+03
   1.0260000e+03
   1.0230000e+03
   1.0260000e+03
   1.0280000e+03
   1.0160000e+03
   1.0490000e+03
   1.0340000e+03
   1.0330000e+03
   1.0280000e+03
   1.0270000e+03
   1.0390000e+03
   1.0110000e+03
   1.0230000e+03
   1.0280000e+03
   1.0260000e+03
   1.0420000e+03
   1.0240000e+03
   1.0220000e+03
   1.0240000e+03
   1.0250000e+03
   1.0430000e+03
   1.0210000e+03
   1.0260000e+03
   1.0520000e+03
   1.0160000e+03
   1.0290000e+03
   1.0270000e+03
   1.0280000e+03
   1.0190000e+03
   1.0220000e+03
   1.0260000e+03
   1.0190000e+03
   1.0180000e+03
   1.0280000e+03
   1.0280000e+03
   1.0310000e+03
   1.0180000e+03
   1.0300000e+03
   1.0240000e+03
   1.0290000e+03
   1.0280000e+03
   1.0110000e+03
   1.0670000e+03
   1.0130000e+03
   1.0160000e+03
   1.0410000e+03
   1.0390000e+03
   1.0280000e+03
   1.0180000e+03
   1.0290000e+03
   1.0320000e+03
   1.0380000e+03
   1.0270000e+03
   1.0230000e+03
   1.0270000e+03
   1.0260000e+03
   1.0270000e+03
   1.0890000e+03
   1.0180000e+03
   1.0190000e+03
   1.0390000e+03
   1.0360000e+03
   1.0430000e+03
   1.0300000e+03
   1.0190000e+03
   1.0290000e+03
   1.0320000e+03
   1.0170000e+03
   1.0180000e+03
   1.0300000e+03
   1.0240000e+03
   1.0230000e+03
   1.0230000e+03
   1.0260000e+03
   1.0170000e+03
   1.0290000e+03
   1.0200000e+03
   1.0270000e+03
   1.0390000e+03
   1.0470000e+03
   1.0430000e+03
   1.0160000e+03
   1.0280000e+03
   1.0200000e+03
   1.0270000e+03
   1.0370000e+03
   1.0420000e+03
   1.0200000e+03
   1.0180000e+03
   1.0280000e+03
   1.0270000e+03
   1.0410000e+03
   1.0270000e+03
   1.0220000e+03
   1.0210000e+03
   1.0260000e+03
   1.0360000e+03
   1.0490000e+03
   1.0210000e+03
   1.0190000e+03
   1.0310000e+03
   1.0260000e+03
   1.0180000e+03
   1.0280000e+03
   1.0200000e+03
   1.0500000e+03
   1.0420000e+03
   1.0150000e+03
   1.0270000e+03
   1.0220000e+03
   1.0250000e+03
   1.0150000e+03
   1.0240000e+03
   1.0480000e+03
   1.0190000e+03
   1.0360000e+03
   1.0210000e+03
   1.0320000e+03
   1.0280000e+03
   1.0200000e+03
   1.0150000e+03
   1.0280000e+03
   1.0280000e+03
   1.0280000e+03
   1.0480000e+03
   1.0400000e+03
   1.0180000e+03
   1.0120000e+03
   1.0260000e+03
   1.0220000e+03
   1.0160000e+03
   1.0240000e+03
   1.0230000e+03
   1.0190000e+03
   1.0200000e+03
   1.0290000e+03
   1.0270000e+03
   1.0520000e+03
   1.0250000e+03
   1.0400000e+03
   1.0180000e+03
   1.0210000e+03
   1.0220000e+03
   1.0400000e+03
   1.0390000e+03
   1.0240000e+03
   1.0280000e+03
   1.0390000e+03
   1.0500000e+03
   1.0190000e+03
   1.0270000e+03
   1.0320000e+03
   1.0270000e+03
   1.0230000e+03
   1.0240000e+03
   1.0260000e+03
   1.0250000e+03
   1.0190000e+03
   1.0280000e+03
   1.0870000e+03
   1.0220000e+03
   1.0180000e+03
   1.0280000e+03
   1.0210000e+03
   1.0260000e+03
   1.0280000e+03
   1.0210000e+03
   1.0280000e+03
   1.0320000e+03
   1.0330000e+03
   1.0180000e+03
   1.0320000e+03
   1.0220000e+03
   1.0260000e+03
   1.0360000e+03
   1.0210000e+03
   1.0260000e+03
   1.0260000e+03
   1.0230000e+03
   1.0220000e+03
   1.0470000e+03
   1.0240000e+03
   1.0240000e+03
   1.0290000e+03
   1.0190000e+03
   1.0280000e+03
   1.0300000e+03
   1.0190000e+03
   1.0270000e+03
   1.0200000e+03
   1.0280000e+03
   1.0210000e+03
   1.0170000e+03
   1.0990000e+03
   1.0380000e+03
   1.0390000e+03
   1.0200000e+03
   1.0390000e+03
   1.0260000e+03
   1.0200000e+03
   1.0270000e+03
   1.0230000e+03
   1.0260000e+03
   1.0370000e+03
   1.0220000e+03
   1.0280000e+03
   1.0300000e+03
   1.0190000e+03
   1.0370000e+03
   1.0300000e+03
   1.0150000e+03
   1.0390000e+03
   1.0390000e+03
   1.0260000e+03
   1.0260000e+03
   1.0210000e+03
   1.0450000e+03
   1.0220000e+03
   1.0370000e+03
   1.0130000e+03
   1.0260000e+03
   1.0230000e+03
   1.0270000e+03
   1.0210000e+03
   1.0570000e+03
   1.0210000e+03
   1.0170000e+03
   1.0220000e+03
   1.0460000e+03
   1.0250000e+03
   1.0240000e+03
   1.0280000e+03
   1.0180000e+03
   1.0110000e+03
   1.0370000e+03
   1.0260000e+03
   1.0280000e+03
   1.0240000e+03
   1.0170000e+03
   1.0510000e+03
   1.0240000e+03
   1.0310000e+03
   1.0260000e+03
   1.0150000e+03
   1.0240000e+03
   1.0390000e+03
   1.0280000e+03
   1.0270000e+03
   1.0280000e+03
   1.0400000e+03
   1.0380000e+03
   1.0210000e+03
   1.0180000e+03
   1.0320000e+03
   1.0270000e+03
   1.0270000e+03
   1.0280000e+03
   1.0220000e+03
   1.0270000e+03
   1.0220000e+03
   1.0250000e+03
   1.0460000e+03
   1.0260000e+03
   1.0290000e+03
   1.0260000e+03
   1.0290000e+03
   1.0170000e+03
   1.0240000e+03
   1.0460000e+03
   1.0260000e+03
   1.0210000e+03
   1.0400000e+03
   1.0210000e+03
   1.0290000e+03
   1.0270000e+03
   1.0290000e+03
   1.0350000e+03
   1.0160000e+03
   1.0160000e+03
   1.0440000e+03
   1.0270000e+03
   1.0340000e+03
   1.0270000e+03
   1.0210000e+03
   1.0440000e+03
   1.0220000e+03
   1.0280000e+03
   1.0220000e+03
   1.0250000e+03
   1.0190000e+03
   1.0170000e+03
   1.0210000e+03
   1.0140000e+03
   1.0390000e+03
   1.0440000e+03
   1.0610000e+03
   1.0260000e+03
   1.0160000e+03
   1.0330000e+03
   1.0180000e+03
   1.0290000e+03
   1.0220000e+03
   1.0260000e+03
   1.0160000e+03
   1.0240000e+03
   1.0260000e+03
   1.0200000e+03
   1.0300000e+03
   1.0380000e+03
   1.0210000e+03
   1.0370000e+03
   1.0260000e+03
   1.0240000e+03
   1.0420000e+03
   1.0240000e+03
   1.0290000e+03
   1.0270000e+03
   1.0180000e+03
   1.0360000e+03
   1.0510000e+03
   1.0300000e+03
   1.0200000e+03
   1.0160000e+03
   1.0280000e+03
   1.0280000e+03
   1.0490000e+03
   1.0270000e+03
   1.0180000e+03
   1.0270000e+03
   1.0700000e+03
   1.0180000e+03
   1.0290000e+03
   1.0490000e+03
   1.0270000e+03
   1.0260000e+03
   1.0240000e+03
   1.0210000e+03
   1.0240000e+03
   1.0270000e+03
   1.0200000e+03
   1.0200000e+03
   1.0200000e+03
   1.0260000e+03
   1.0290000e+03
   1.0490000e+03
   1.0270000e+03
   1.0270000e+03
   1.0290000e+03
   1.0280000e+03
   1.0310000e+03
   1.0260000e+03
   1.0330000e+03
   1.0250000e+03
   1.0200000e+03
   1.0270000e+03
   1.0300000e+03
   1.0260000e+03
   1.0180000e+03
   1.0280000e+03
   1.0410000e+03
   1.0170000e+03
   1.0280000e+03
   1.0180000e+03
   1.0620000e+03
   1.0160000e+03
   1.0280000e+03
   1.0280000e+03
   1.0190000e+03
   1.0270000e+03
   1.0520000e+03
   1.0270000e+03
   1.0240000e+03
   1.0260000e+03
   1.0170000e+03
   1.0180000e+03
   1.0280000e+03
   1.0280000e+03
   1.0210000e+03
   1.0460000e+03
   1.0230000e+03
   1.0260000e+03
   1.0320000e+03
   1.0330000e+03
   1.0310000e+03
   1.0280000e+03
   1.0220000e+03
   1.0260000e+03
   1.0180000e+03
   1.0200000e+03
   1.0610000e+03
   1.0270000e+03
   1.0280000e+03
   1.0280000e+03
   1.0110000e+03
   1.0270000e+03
   1.0220000e+03
   1.0170000e+03
   1.0500000e+03
   1.0260000e+03
   1.0290000e+03
   1.0270000e+03
   1.0210000e+03
   1.0170000e+03
   1.0260000e+03
   1.0220000e+03
   1.0300000e+03
   1.0270000e+03
   1.0210000e+03
   1.0100000e+03
   1.0310000e+03
   1.0250000e+03
   1.0480000e+03
   1.0410000e+03
   1.0290000e+03
   1.0280000e+03
   1.0500000e+03
   1.0260000e+03
   1.0270000e+03
   1.0380000e+03
   1.0250000e+03
   1.0250000e+03
   1.0200000e+03
   1.0240000e+03
   1.0250000e+03
   1.0260000e+03
   1.0290000e+03
   1.0270000e+03
   1.0210000e+03
   1.0260000e+03
   1.0250000e+03
   1.0230000e+03
   1.0480000e+03
   1.0390000e+03
   1.0210000e+03
   1.0280000e+03
   1.0190000e+03
   1.0160000e+03
   1.0240000e+03
   1.0260000e+03
   1.0280000e+03
   1.0350000e+03
   1.0200000e+03
   1.0190000e+03
   1.0160000e+03
   1.0420000e+03
   1.0280000e+03
   1.0290000e+03
   1.0210000e+03
   1.0460000e+03
   1.0180000e+03
   1.0280000e+03
   1.0300000e+03
   1.0190000e+03
   1.0240000e+03
   1.0230000e+03
   1.0290000e+03
   1.0510000e+03
   1.0280000e+03
   1.0170000e+03
   1.0210000e+03
   1.0270000e+03
   1.0230000e+03
   1.0250000e+03
   1.0260000e+03
   1.0220000e+03
   1.0360000e+03
   1.0620000e+03
   1.0280000e+03
   1.0280000e+03
   1.0110000e+03
   1.0170000e+03
   1.0250000e+03
   1.0240000e+03
   1.0460000e+03
   1.0220000e+03
   1.0290000e+03
   1.0280000e+03
   1.0220000e+03
   1.0400000e+03
   1.0220000e+03
   1.0250000e+03
   1.0280000e+03
   1.0280000e+03
   1.0210000e+03
   1.0170000e+03
   1.0430000e+03
   1.0220000e+03
   1.0250000e+03
   1.0270000e+03
   1.0210000e+03
   1.0450000e+03
   1.0290000e+03
   1.0290000e+03
   1.0310000e+03
   1.0170000e+03
   1.0270000e+03
   1.0410000e+03
   1.0190000e+03
   1.0270000e+03
   1.0210000e+03
   1.0620000e+03
   1.0270000e+03
   1.0260000e+03
   1.0290000e+03
   1.0270000e+03
   1.0220000e+03
   1.0170000e+03
   1.0280000e+03
   1.0290000e+03
   1.0260000e+03
   1.0190000e+03
   1.0320000e+03
   1.0170000e+03
   1.0250000e+03
   1.0220000e+03
   1.0200000e+03
   1.0370000e+03
   1.0220000e+03
   1.0470000e+03
   1.0160000e+03
   1.0450000e+03
   1.0240000e+03
   1.0220000e+03
   1.0290000e+03
   1.0270000e+03
   1.0220000e+03
   1.0470000e+03
   1.0210000e+03
   1.0200000e+03
   1.0290000e+03
   1.0260000e+03
   1.0530000e+03
   1.0270000e+03
   1.0180000e+03
   1.0280000e+03
   1.0210000e+03
   1.0190000e+03
   1.0210000e+03
   1.0450000e+03
   1.0290000e+03
   1.0180000e+03
   1.0230000e+03
   1.0430000e+03
   1.0200000e+03
   1.0280000e+03
   1.0210000e+03
   1.0270000e+03
   1.0290000e+03
   1.0260000e+03
   1.0310000e+03
   1.0350000e+03
   1.0240000e+03
   1.0170000e+03
   1.0210000e+03
   1.0250000e+03
   1.0290000e+03
   1.0270000e+03
   1.0330000e+03
   1.0650000e+03
   1.0220000e+03
   1.0270000e+03
   1.0200000e+03
   1.0290000e+03
   1.0170000e+03
   1.0210000e+03
   1.0300000e+03
   1.0180000e+03
   1.0240000e+03
   1.0430000e+03
   1.0120000e+03
   1.0280000e+03
   1.0270000e+03
   1.0360000e+03
   1.0230000e+03
   1.0170000e+03
   1.0310000e+03
   1.0470000e+03
   1.0220000e+03
   1.0170000e+03
   1.0440000e+03
   1.0290000e+03
   1.0260000e+03
   1.0250000e+03
   1.0230000e+03
   1.0360000e+03
   1.0230000e+03
   1.0210000e+03
   1.0390000e+03
   1.0260000e+03
   1.0200000e+03
   1.0660000e+03
