   2.9687500e+02
   3.2812500e+02
   2.9687500e+02
   3.2812500e+02
   3.1250000e+02
   3.2812500e+02
   3.2812500e+02
   4.0625000e+02
   2.9687500e+02
   3.4375000e+02
   2.9687500e+02
   2.6562500e+02
   2.9687500e+02
   3.2812500e+02
   3.2812500e+02
   2.3437500e+02
   3.1250000e+02
   2.9687500e+02
   2.9687500e+02
   3.1250000e+02
   3.5937500e+02
   2.6562500e+02
   2.6562500e+02
   1.7187500e+02
   2.5000000e+02
   2.8125000e+02
   3.2812500e+02
   2.9687500e+02
   3.9062500e+02
   3.1250000e+02
   3.2812500e+02
   3.4375000e+02
   2.5000000e+02
   3.4375000e+02
   3.2812500e+02
   3.4375000e+02
   2.8125000e+02
   2.9687500e+02
   2.9687500e+02
   1.8750000e+02
   3.1250000e+02
   2.9687500e+02
   3.7500000e+02
   3.5937500e+02
   2.9687500e+02
   3.1250000e+02
   3.2812500e+02
   2.9687500e+02
   2.5000000e+02
   3.2812500e+02
   2.8125000e+02
   2.9687500e+02
   3.1250000e+02
   3.1250000e+02
   2.8125000e+02
   3.4375000e+02
   2.9687500e+02
   2.9687500e+02
   2.6562500e+02
   2.9687500e+02
   3.2812500e+02
   2.9687500e+02
   3.1250000e+02
   2.8125000e+02
   2.8125000e+02
   2.3437500e+02
   2.9687500e+02
   2.8125000e+02
   2.9687500e+02
   3.2812500e+02
   2.9687500e+02
   2.6562500e+02
   2.3437500e+02
   2.8125000e+02
   3.1250000e+02
   4.0625000e+02
   3.5937500e+02
   3.7500000e+02
   3.7500000e+02
   3.2812500e+02
   2.9687500e+02
   2.8125000e+02
   3.2812500e+02
   2.9687500e+02
   2.9687500e+02
   2.9687500e+02
   3.7500000e+02
   3.1250000e+02
   3.1250000e+02
   3.5937500e+02
   3.9062500e+02
   3.7500000e+02
   6.2500000e+02
   2.8125000e+02
   2.9687500e+02
   3.9062500e+02
   3.4375000e+02
   2.6562500e+02
   3.1250000e+02
   2.6562500e+02
   3.2812500e+02
   3.9062500e+02
   3.9062500e+02
   2.5000000e+02
   2.8125000e+02
   2.1875000e+02
   2.9687500e+02
   2.9687500e+02
   3.7500000e+02
   3.1250000e+02
   2.1875000e+02
   2.8125000e+02
   3.2812500e+02
   3.4375000e+02
   2.6562500e+02
   2.9687500e+02
   2.9687500e+02
   3.5937500e+02
   2.5000000e+02
   3.9062500e+02
   3.2812500e+02
   2.8125000e+02
   3.4375000e+02
   2.6562500e+02
   3.2812500e+02
   2.6562500e+02
   3.2812500e+02
   2.8125000e+02
   2.8125000e+02
   3.1250000e+02
   2.9687500e+02
   3.2812500e+02
   2.8125000e+02
   3.1250000e+02
   2.8125000e+02
   3.1250000e+02
   3.2812500e+02
   2.6562500e+02
   3.1250000e+02
   3.1250000e+02
   2.6562500e+02
   2.3437500e+02
   3.4375000e+02
   2.9687500e+02
   3.4375000e+02
   3.1250000e+02
   3.1250000e+02
   3.1250000e+02
   3.1250000e+02
   2.8125000e+02
   2.8125000e+02
   3.4375000e+02
   4.2187500e+02
   2.9687500e+02
   2.6562500e+02
   3.1250000e+02
   3.2812500e+02
   2.9687500e+02
   2.8125000e+02
   3.1250000e+02
   3.1250000e+02
   2.5000000e+02
   3.4375000e+02
   3.2812500e+02
   3.7500000e+02
   3.5937500e+02
   3.1250000e+02
   3.2812500e+02
   4.5312500e+02
   3.2812500e+02
   5.0000000e+02
   4.8437500e+02
   4.6875000e+02
   8.5937500e+02
   3.1250000e+02
   4.6875000e+02
   2.3437500e+02
   4.5312500e+02
   2.3437500e+02
   4.2187500e+02
   4.2187500e+02
   5.7812500e+02
   4.0625000e+02
   3.5937500e+02
   2.6562500e+02
   3.5937500e+02
   4.6875000e+02
   4.3750000e+02
   5.3125000e+02
   4.5312500e+02
   4.8437500e+02
   5.3125000e+02
   4.2187500e+02
   3.2812500e+02
   3.7500000e+02
   3.1250000e+02
   3.4375000e+02
   2.6562500e+02
   3.2812500e+02
   2.5000000e+02
   3.2812500e+02
   2.8125000e+02
   3.2812500e+02
   3.1250000e+02
   3.1250000e+02
   3.1250000e+02
   3.7500000e+02
   2.8125000e+02
   3.1250000e+02
   2.8125000e+02
   3.1250000e+02
   3.1250000e+02
   2.8125000e+02
   3.4375000e+02
   3.4375000e+02
   3.2812500e+02
   3.2812500e+02
   2.9687500e+02
   3.1250000e+02
   2.9687500e+02
   2.6562500e+02
   2.9687500e+02
   3.4375000e+02
   2.9687500e+02
   2.9687500e+02
   4.0625000e+02
   2.9687500e+02
   2.9687500e+02
   2.9687500e+02
   2.8125000e+02
   3.5937500e+02
   2.6562500e+02
   3.1250000e+02
   3.1250000e+02
   3.2812500e+02
   2.8125000e+02
   2.8125000e+02
   2.8125000e+02
   4.2187500e+02
   3.4375000e+02
   3.2812500e+02
   1.8750000e+02
   2.9687500e+02
   2.6562500e+02
   2.6562500e+02
   3.4375000e+02
   2.8125000e+02
   2.9687500e+02
   3.2812500e+02
   2.6562500e+02
   2.9687500e+02
   3.1250000e+02
   3.1250000e+02
   3.4375000e+02
   2.3437500e+02
   2.8125000e+02
   1.8750000e+02
   4.2187500e+02
   3.4375000e+02
   2.9687500e+02
   2.9687500e+02
   2.8125000e+02
   3.5937500e+02
   2.6562500e+02
   4.2187500e+02
   4.3750000e+02
   2.5000000e+02
   2.5000000e+02
   2.6562500e+02
   2.9687500e+02
   2.6562500e+02
   3.9062500e+02
   2.5000000e+02
   3.1250000e+02
   3.1250000e+02
   2.8125000e+02
   2.9687500e+02
   2.8125000e+02
   2.9687500e+02
   3.7500000e+02
   2.0312500e+02
   2.5000000e+02
   3.9062500e+02
   2.9687500e+02
   2.9687500e+02
   3.1250000e+02
   2.6562500e+02
   3.1250000e+02
   2.9687500e+02
   2.8125000e+02
   2.5000000e+02
   3.1250000e+02
   2.8125000e+02
   2.9687500e+02
   3.1250000e+02
   3.7500000e+02
   2.5000000e+02
   3.5937500e+02
   1.7187500e+02
   2.6562500e+02
   4.0625000e+02
   3.1250000e+02
   3.5937500e+02
   3.2812500e+02
   3.2812500e+02
   2.9687500e+02
   3.7500000e+02
   3.4375000e+02
   3.2812500e+02
   2.8125000e+02
   2.9687500e+02
   2.9687500e+02
   2.9687500e+02
   4.0625000e+02
   3.4375000e+02
   2.5000000e+02
   3.1250000e+02
   3.2812500e+02
   2.6562500e+02
   3.2812500e+02
   2.6562500e+02
   3.7500000e+02
   3.5937500e+02
   2.9687500e+02
   2.6562500e+02
   3.1250000e+02
   3.1250000e+02
   3.4375000e+02
   3.5937500e+02
   3.2812500e+02
   3.1250000e+02
   2.9687500e+02
   2.8125000e+02
   3.4375000e+02
   4.5312500e+02
   3.1250000e+02
   2.6562500e+02
   3.5937500e+02
   2.6562500e+02
   2.9687500e+02
   3.2812500e+02
   4.0625000e+02
   3.1250000e+02
   3.1250000e+02
   3.7500000e+02
   3.7500000e+02
   2.8125000e+02
   4.3750000e+02
   3.2812500e+02
   3.4375000e+02
   4.3750000e+02
   7.1875000e+02
   5.1562500e+02
   4.8437500e+02
   3.2812500e+02
   2.8125000e+02
   3.1250000e+02
   2.6562500e+02
   3.2812500e+02
   2.9687500e+02
   2.6562500e+02
   3.4375000e+02
   2.9687500e+02
   2.8125000e+02
   3.2812500e+02
   3.2812500e+02
   3.9062500e+02
   3.1250000e+02
   3.1250000e+02
   3.1250000e+02
   3.2656250e+03
   2.8125000e+02
   3.5937500e+02
   2.3437500e+02
   3.1250000e+02
   3.1250000e+02
   2.9687500e+02
   2.8125000e+02
   2.9687500e+02
   2.9687500e+02
   3.1250000e+02
   3.1250000e+02
   2.8125000e+02
   3.1250000e+02
   3.4375000e+02
   4.6875000e+02
   2.8125000e+02
   3.1250000e+02
   2.9687500e+02
   4.5312500e+02
   3.2812500e+02
   2.8125000e+02
   2.6562500e+02
   3.2812500e+02
   2.6562500e+02
   2.9687500e+02
   2.9687500e+02
   4.3750000e+02
   3.9062500e+02
   3.9062500e+02
   2.9687500e+02
   3.1250000e+02
   2.9687500e+02
   3.1250000e+02
   2.6562500e+02
   2.5000000e+02
   2.8125000e+02
   2.8125000e+02
   3.2812500e+02
   2.8125000e+02
   3.5937500e+02
   2.9687500e+02
   2.9687500e+02
   2.8125000e+02
   3.9062500e+02
   3.4375000e+02
   2.8125000e+02
   3.1250000e+02
   3.1250000e+02
   2.6562500e+02
   2.9687500e+02
   2.8125000e+02
   3.7500000e+02
   2.9687500e+02
   3.1250000e+02
   3.5937500e+02
   2.6562500e+02
   2.3437500e+02
   2.6562500e+02
   3.2812500e+02
   2.8125000e+02
   3.5937500e+02
   3.5937500e+02
   2.6562500e+02
   3.4375000e+02
   2.9687500e+02
   2.9687500e+02
   2.6562500e+02
   2.5000000e+02
   3.5937500e+02
   3.7500000e+02
   3.2812500e+02
   2.1875000e+02
   2.5000000e+02
   2.5000000e+02
   3.1250000e+02
   3.2812500e+02
   2.6562500e+02
   3.2812500e+02
   2.8125000e+02
   3.2812500e+02
   2.6562500e+02
   3.4375000e+02
   2.9687500e+02
   2.6562500e+02
   3.2812500e+02
   2.8125000e+02
   2.8125000e+02
   2.5000000e+02
   2.9687500e+02
   2.9687500e+02
   3.4375000e+02
   2.6562500e+02
   2.8125000e+02
   3.5937500e+02
   2.9687500e+02
   2.6562500e+02
   3.4375000e+02
   2.9687500e+02
   4.3750000e+02
   4.0625000e+02
   3.2812500e+02
   3.2812500e+02
   3.2812500e+02
   4.2187500e+02
   3.2812500e+02
   3.7500000e+02
   4.3750000e+02
   3.1250000e+02
   4.6875000e+02
   3.2812500e+02
   2.6562500e+02
   3.2812500e+02
   2.9687500e+02
   5.6250000e+02
   3.7500000e+02
   4.0625000e+02
   3.4375000e+02
   3.4375000e+02
   3.2812500e+02
   2.3437500e+02
   5.6250000e+02
   2.8125000e+02
   2.8125000e+02
   3.1250000e+02
   2.6562500e+02
   2.0312500e+02
   3.2812500e+02
   2.9687500e+02
   2.9687500e+02
   3.1250000e+02
   3.7500000e+02
   3.2812500e+02
   3.1250000e+02
   3.7500000e+02
   3.5937500e+02
   4.2187500e+02
   3.4375000e+02
   3.4375000e+02
   2.6562500e+02
   4.6875000e+02
   3.1250000e+02
   3.5937500e+02
   2.3437500e+02
   3.2812500e+02
   2.6562500e+02
   2.9687500e+02
   3.2812500e+02
   3.9062500e+02
   3.5937500e+02
   4.5312500e+02
   4.0625000e+02
   4.8437500e+02
   3.2812500e+02
   3.1250000e+02
   2.8125000e+02
   3.2812500e+02
   2.8125000e+02
   3.4375000e+02
   2.9687500e+02
   5.4687500e+02
   3.1250000e+02
   3.4375000e+02
   3.4375000e+03
   3.9062500e+02
   4.0625000e+02
   3.5937500e+02
   5.1562500e+02
   2.8125000e+02
   4.5312500e+02
   4.0625000e+02
   3.7500000e+02
   4.3750000e+02
   2.5000000e+02
   2.9687500e+02
   4.3750000e+02
   2.9687500e+02
   3.1250000e+02
   2.8125000e+02
   6.7187500e+02
   5.1562500e+02
   5.4687500e+02
   3.7500000e+02
   3.2812500e+02
   5.9375000e+02
   5.1562500e+02
   2.9687500e+02
   2.8125000e+02
   2.8125000e+02
   4.0625000e+02
   4.0625000e+02
   4.2187500e+02
   4.6875000e+02
   4.5312500e+02
   4.3750000e+02
   3.4375000e+02
   2.9687500e+02
   3.4375000e+02
   9.6875000e+02
   5.9375000e+02
   3.4375000e+02
   3.9062500e+02
   3.2812500e+02
   4.3750000e+02
   4.2187500e+02
   4.3750000e+02
   4.3750000e+02
   3.7500000e+02
   3.5937500e+02
   4.5312500e+02
   3.7500000e+02
   2.6562500e+02
   3.1250000e+02
   4.6875000e+02
   3.2812500e+02
   3.2812500e+02
   2.5000000e+02
   3.1250000e+02
   3.2812500e+02
   3.4375000e+02
   3.9062500e+02
   5.1562500e+02
   4.6875000e+02
   2.6562500e+02
   3.9062500e+02
   6.8750000e+02
   5.4687500e+02
   3.7500000e+02
   6.8750000e+02
   3.4375000e+02
   3.5937500e+02
   1.1406250e+03
   3.4375000e+02
   2.9687500e+02
   2.9687500e+02
   3.1250000e+02
   2.9687500e+02
   3.1250000e+02
   3.2812500e+02
   3.7500000e+02
   3.1250000e+02
   3.2812500e+02
   5.7812500e+02
   5.9375000e+02
   2.8125000e+02
   2.5000000e+02
   3.1250000e+02
   2.8125000e+02
   2.6562500e+02
   3.2812500e+02
   3.4375000e+02
   2.8125000e+02
   3.2812500e+02
   3.4375000e+02
   2.6562500e+02
   2.8125000e+02
   3.2812500e+02
   2.6562500e+02
   2.0312500e+02
   3.1250000e+02
   2.9687500e+02
   3.5937500e+02
   2.5000000e+02
   3.1250000e+02
   2.9687500e+02
   2.8125000e+02
   3.1250000e+02
   3.1250000e+02
   3.1250000e+02
   3.4375000e+02
   5.4687500e+02
   4.5312500e+02
   6.0937500e+02
   2.5000000e+02
   3.4375000e+02
   2.6562500e+02
   4.6875000e+02
   3.2812500e+02
   3.5937500e+02
   2.9687500e+02
   2.9687500e+02
   2.8125000e+02
   3.1250000e+02
   2.8125000e+02
   2.8125000e+02
   3.4375000e+02
   5.0000000e+02
   3.7500000e+02
   5.6250000e+02
   8.4375000e+02
   2.8125000e+02
   4.2187500e+02
   3.9062500e+02
   5.4687500e+02
   3.2812500e+02
   3.5937500e+02
   3.2812500e+02
   2.5000000e+02
   2.9687500e+02
   3.7500000e+02
   4.0625000e+02
   4.0625000e+02
   3.5937500e+02
   3.4375000e+02
   3.2812500e+02
   3.7500000e+02
   4.3750000e+02
   3.9062500e+02
   4.2187500e+02
   3.1250000e+02
   2.9687500e+02
   6.2500000e+02
   3.5937500e+02
   4.0625000e+02
   3.2812500e+02
   3.9062500e+02
   3.2812500e+02
   4.8437500e+02
   3.4375000e+02
   3.5937500e+02
   3.1250000e+02
   2.6562500e+02
   3.2812500e+02
   2.8125000e+02
   2.9687500e+02
   3.7500000e+02
   3.2812500e+02
   3.2812500e+02
   2.9687500e+02
   3.2812500e+02
   2.6562500e+02
   2.8125000e+02
   3.4375000e+02
   2.8125000e+02
   2.8125000e+02
   3.1250000e+02
   3.7500000e+02
   2.9687500e+02
   3.2812500e+02
   2.8125000e+02
   3.2812500e+02
   2.8125000e+02
   4.3750000e+02
   2.6562500e+02
   2.9687500e+02
   3.4375000e+02
   3.4375000e+02
   3.9062500e+02
   3.5937500e+02
   2.9687500e+02
   3.1250000e+02
   2.9687500e+02
   3.1250000e+02
   3.5937500e+02
   3.5937500e+02
   2.8125000e+02
   2.8125000e+02
   9.6875000e+02
   4.8437500e+02
   3.7500000e+02
   2.8125000e+02
   2.9687500e+02
   3.4375000e+02
   2.9687500e+02
   2.6562500e+02
   2.6562500e+02
   2.6562500e+02
   2.8125000e+02
   3.1250000e+02
   2.9687500e+02
   2.9687500e+02
   3.5937500e+02
   2.5000000e+02
   2.9687500e+02
   3.1250000e+02
   3.1250000e+02
   2.9687500e+02
   2.9687500e+02
   3.7500000e+02
   3.2812500e+02
   3.1250000e+02
   2.9687500e+02
   3.2812500e+02
   2.3437500e+02
   3.2812500e+02
   3.2812500e+02
   2.6562500e+02
   2.9687500e+02
   3.5937500e+02
   2.6562500e+02
   3.2812500e+02
   2.6562500e+02
   2.9687500e+02
   4.6875000e+02
   2.8125000e+02
   2.6562500e+02
   3.2812500e+02
   2.9687500e+02
   2.8125000e+02
   2.9687500e+02
   3.1250000e+02
   3.1250000e+02
   2.9687500e+02
   2.5000000e+02
   2.5000000e+02
   2.9687500e+02
   2.8125000e+02
   3.2812500e+02
   3.2812500e+02
   2.8125000e+02
   3.9062500e+02
   2.8125000e+02
   2.9687500e+02
   3.1250000e+02
   3.2812500e+02
   2.6562500e+02
   2.9687500e+02
   3.4375000e+02
   2.6562500e+02
   3.1250000e+02
   3.5937500e+02
   2.5000000e+02
   3.4375000e+02
   2.5000000e+02
   3.1250000e+02
   2.9687500e+02
   3.1250000e+02
   2.8125000e+02
   3.1250000e+02
   2.6562500e+02
   2.1875000e+02
   3.4375000e+02
   2.5000000e+02
   3.7500000e+02
   2.5000000e+02
   2.9687500e+02
   2.8125000e+02
   3.2812500e+02
   3.1250000e+02
   2.9687500e+02
   3.1250000e+02
   2.9687500e+02
   2.8125000e+02
   3.1250000e+02
   2.9687500e+02
   2.9687500e+02
   3.1250000e+02
   2.9687500e+02
   2.9687500e+02
   2.9687500e+02
   2.9687500e+02
   3.1250000e+02
   3.5937500e+02
   2.6562500e+02
   2.8125000e+02
   3.4375000e+02
   2.9687500e+02
   2.9687500e+02
   4.2187500e+02
   3.1250000e+02
   1.5625000e+02
   2.9687500e+02
   2.9687500e+02
   3.4375000e+02
   3.4375000e+02
   3.7500000e+02
   2.6562500e+02
   3.7500000e+02
   3.1250000e+02
   3.2812500e+02
   4.0625000e+02
   3.1250000e+02
   3.5937500e+02
   3.7500000e+02
   4.3750000e+02
   3.2812500e+02
   3.1250000e+02
   2.5000000e+02
   2.9687500e+02
   4.3750000e+02
   2.9687500e+02
   3.4375000e+02
   2.9687500e+02
   2.8125000e+02
   2.6562500e+02
   2.6562500e+02
   3.5937500e+02
   3.1250000e+02
   4.6875000e+02
   6.4062500e+02
   6.7187500e+02
   3.4375000e+02
   2.6562500e+02
   3.1250000e+02
   2.9687500e+02
   2.6562500e+02
   3.5937500e+02
   2.8125000e+02
   3.2812500e+02
   2.5000000e+02
   3.2812500e+02
   3.1250000e+02
   2.6562500e+02
   2.9687500e+02
   3.5937500e+02
   3.9062500e+02
   2.9687500e+02
   3.4375000e+02
   2.1875000e+02
   3.4375000e+02
   2.8125000e+02
   3.2812500e+02
   3.4375000e+02
   2.5000000e+02
   2.8125000e+02
   2.9687500e+02
   3.1250000e+02
   3.2812500e+02
   2.3437500e+02
   3.4375000e+02
   2.6562500e+02
   3.2812500e+02
   3.2812500e+02
   3.1250000e+02
   2.8125000e+02
   2.6562500e+02
   3.4375000e+02
   2.8125000e+02
   2.9687500e+02
   2.8125000e+02
   2.9687500e+02
   3.2812500e+02
   3.1250000e+02
   2.8125000e+02
   3.7500000e+02
   3.2812500e+02
   2.8125000e+02
   3.4375000e+02
   2.9687500e+02
   2.9687500e+02
   2.8125000e+02
   3.1250000e+02
   3.1250000e+02
   2.9687500e+02
   2.8125000e+02
   2.0312500e+02
   2.6562500e+02
   4.3750000e+02
   3.4375000e+02
   2.9687500e+02
   4.5312500e+02
   2.1875000e+02
   2.9687500e+02
   2.9687500e+02
   2.1875000e+02
   3.4375000e+02
   3.1250000e+02
   2.6562500e+02
   3.1250000e+02
   2.6562500e+02
   3.1250000e+02
   2.8125000e+02
   2.9687500e+02
   3.5937500e+02
   2.6562500e+02
   3.1250000e+02
   3.1250000e+02
   3.2812500e+02
   2.6562500e+02
   2.8125000e+02
   2.0312500e+02
   2.9687500e+02
   3.4375000e+02
   2.9687500e+02
   2.8125000e+02
   3.2812500e+02
   2.6562500e+02
   2.8125000e+02
   2.3437500e+02
   3.9062500e+02
   3.2812500e+02
   4.5312500e+02
   3.9062500e+02
   2.6562500e+02
   2.9687500e+02
   2.8125000e+02
   4.2187500e+02
   3.9062500e+02
   3.2812500e+02
   3.9062500e+02
   3.1250000e+02
   3.1250000e+02
   2.6562500e+02
   2.1875000e+02
   3.4375000e+02
   2.8125000e+02
   5.0000000e+02
   6.4062500e+02
   5.0000000e+02
   2.9687500e+02
   2.6562500e+02
   2.9687500e+02
   3.5937500e+02
   3.7500000e+02
   2.5000000e+02
   4.2187500e+02
   3.5937500e+02
   4.5312500e+02
   2.9687500e+02
   3.2812500e+02
   3.9062500e+02
   3.7500000e+02
   3.7500000e+02
   3.1250000e+02
   3.2812500e+02
   2.8125000e+02
   3.1250000e+02
   3.9062500e+02
   3.5937500e+02
   4.0625000e+02
   2.5000000e+02
   4.6875000e+02
   3.2812500e+02
   2.9687500e+02
   3.1250000e+02
   3.1250000e+02
   2.9687500e+02
   3.4375000e+02
   2.6562500e+02
   2.8125000e+02
   3.2812500e+02
