   1.9400000e+02
   1.1500000e+02
   1.2200000e+02
   1.0400000e+02
   1.1900000e+02
   1.0400000e+02
   1.0400000e+02
   1.3300000e+02
   1.4600000e+02
   1.0500000e+02
   1.1800000e+02
   1.3300000e+02
   1.0300000e+02
   1.2400000e+02
   1.0300000e+02
   1.2000000e+02
   1.1000000e+02
   1.4200000e+02
   1.2500000e+02
   1.3000000e+02
   1.4200000e+02
   1.0300000e+02
   1.0500000e+02
   1.0600000e+02
   1.3700000e+02
   1.2500000e+02
   1.0500000e+02
   1.2700000e+02
   1.1200000e+02
   1.1600000e+02
   1.2800000e+02
   1.0400000e+02
   1.0400000e+02
   1.0300000e+02
   1.2900000e+02
   1.4600000e+02
   1.4200000e+02
   1.0100000e+02
   1.0200000e+02
   1.0700000e+02
   1.2600000e+02
   1.0400000e+02
   1.0400000e+02
   1.0300000e+02
   1.0300000e+02
   1.0200000e+02
   1.1100000e+02
   1.4900000e+02
   1.2100000e+02
   1.5200000e+02
   1.3600000e+02
   1.5400000e+02
   1.4000000e+02
   1.4500000e+02
   1.0600000e+02
   1.6400000e+02
   1.0800000e+02
   1.3000000e+02
   2.4200000e+02
   1.0600000e+02
   1.1200000e+02
   1.6900000e+02
   1.2600000e+02
   1.5300000e+02
   1.0300000e+02
   1.3400000e+02
   1.4600000e+02
   1.1900000e+02
   1.2100000e+02
   1.2200000e+02
   1.0500000e+02
   1.4100000e+02
   1.2300000e+02
   1.2400000e+02
   1.0300000e+02
   1.3600000e+02
   1.0800000e+02
   1.4900000e+02
   1.2500000e+02
   1.1300000e+02
   1.0300000e+02
   1.4200000e+02
   1.5000000e+02
   1.3500000e+02
   1.1300000e+02
   1.0200000e+02
   1.0300000e+02
   1.0700000e+02
   1.0500000e+02
   1.4700000e+02
   1.7800000e+02
   1.7900000e+02
   1.2400000e+02
   1.2900000e+02
   1.1500000e+02
   1.0700000e+02
   1.4200000e+02
   1.2400000e+02
   1.2200000e+02
   1.1100000e+02
   1.6600000e+02
   2.2500000e+02
   1.0600000e+02
   1.0300000e+02
   1.2100000e+02
   1.0400000e+02
   1.4400000e+02
   1.2500000e+02
   1.2400000e+02
   1.0400000e+02
   1.2300000e+02
   1.1500000e+02
   1.2100000e+02
   1.0600000e+02
   1.2700000e+02
   1.4100000e+02
   1.4500000e+02
   1.4300000e+02
   1.0300000e+02
   1.2100000e+02
   1.4100000e+02
   1.5300000e+02
   1.3700000e+02
   1.0200000e+02
   1.5000000e+02
   1.2300000e+02
   1.4900000e+02
   1.5600000e+02
   1.1700000e+02
   1.0200000e+02
   1.0400000e+02
   1.2300000e+02
   1.1300000e+02
   1.0500000e+02
   1.3200000e+02
   1.3200000e+02
   1.3700000e+02
   1.0300000e+02
   1.3000000e+02
   1.0800000e+02
   1.1100000e+02
   1.4100000e+02
   1.0300000e+02
   1.0600000e+02
   1.3200000e+02
   1.0200000e+02
   1.4300000e+02
   1.0200000e+02
   1.2400000e+02
   1.0900000e+02
   1.1300000e+02
   1.4200000e+02
   1.0200000e+02
   1.0300000e+02
   1.0900000e+02
   1.3700000e+02
   1.0500000e+02
   1.1300000e+02
   1.1500000e+02
   1.0500000e+02
   1.4100000e+02
   1.0300000e+02
   1.0400000e+02
   1.2600000e+02
   1.1000000e+02
   1.0900000e+02
   1.0300000e+02
   1.1800000e+02
   1.0500000e+02
   1.2500000e+02
   1.4200000e+02
   1.4500000e+02
   1.4300000e+02
   1.5600000e+02
   2.0400000e+02
   2.0800000e+02
   2.2200000e+02
   1.4100000e+02
   1.3800000e+02
   1.3600000e+02
   1.0800000e+02
   1.2300000e+02
   1.3100000e+02
   1.0500000e+02
   1.2500000e+02
   1.4200000e+02
   1.2800000e+02
   1.2500000e+02
   1.4200000e+02
   1.0500000e+02
   1.4800000e+02
   1.0300000e+02
   1.0300000e+02
   1.0200000e+02
   1.0200000e+02
   1.3500000e+02
   1.0200000e+02
   1.1800000e+02
   1.0300000e+02
   1.0200000e+02
   1.1600000e+02
   1.0300000e+02
   2.1500000e+02
   1.2400000e+02
   1.0200000e+02
   1.1600000e+02
   1.2700000e+02
   1.1500000e+02
   1.0200000e+02
   1.3000000e+02
   1.0400000e+02
   1.2900000e+02
   1.0200000e+02
   1.1700000e+02
   1.0100000e+02
   1.2500000e+02
   1.4100000e+02
   1.0400000e+02
   1.0400000e+02
   1.0200000e+02
   1.3300000e+02
   1.0200000e+02
   1.0400000e+02
   1.0200000e+02
   1.3100000e+02
   1.0300000e+02
   1.1400000e+02
   1.4100000e+02
   1.0300000e+02
   1.2600000e+02
   1.4000000e+02
   1.3200000e+02
   1.3600000e+02
   1.0400000e+02
   1.4000000e+02
   1.1800000e+02
   1.0400000e+02
   1.2800000e+02
   1.1000000e+02
   1.0600000e+02
   1.0200000e+02
   1.3300000e+02
   1.0200000e+02
   1.0200000e+02
   1.0200000e+02
   1.4500000e+02
   1.3300000e+02
   1.2400000e+02
   1.1000000e+02
   1.3300000e+02
   1.0200000e+02
   1.4200000e+02
   1.0300000e+02
   1.2300000e+02
   1.2100000e+02
   1.2800000e+02
   1.0100000e+02
   1.2000000e+02
   1.0300000e+02
   1.0900000e+02
   1.0200000e+02
   1.3500000e+02
   1.0600000e+02
   1.0200000e+02
   1.0300000e+02
   1.2000000e+02
   1.0300000e+02
   1.2500000e+02
   1.5400000e+02
   1.1700000e+02
   1.0600000e+02
   1.0900000e+02
   1.0500000e+02
   1.2500000e+02
   1.1600000e+02
   1.0700000e+02
   1.0700000e+02
   1.3600000e+02
   1.3900000e+02
   1.0200000e+02
   1.1800000e+02
   1.0500000e+02
   1.1600000e+02
   1.3500000e+02
   1.6200000e+02
   1.4000000e+02
   1.0200000e+02
   1.2900000e+02
   1.4500000e+02
   1.2400000e+02
   1.3000000e+02
   1.4900000e+02
   1.2300000e+02
   1.1300000e+02
   1.2300000e+02
   1.4300000e+02
   1.0200000e+02
   1.0600000e+02
   1.0300000e+02
   1.2700000e+02
   1.0300000e+02
   1.2100000e+02
   1.5800000e+02
   2.2400000e+02
   1.3200000e+02
   1.1500000e+02
   1.0200000e+02
   1.1400000e+02
   1.3200000e+02
   1.0100000e+02
   1.4000000e+02
   1.0100000e+02
   1.2000000e+02
   1.0200000e+02
   1.2200000e+02
   1.2800000e+02
   1.1700000e+02
   1.2600000e+02
   1.3400000e+02
   1.4600000e+02
   1.0100000e+02
   1.0600000e+02
   1.2000000e+02
   1.3500000e+02
   1.0200000e+02
   1.2500000e+02
   1.5200000e+02
   1.4100000e+02
   1.0300000e+02
   1.2400000e+02
   1.3500000e+02
   1.0400000e+02
   1.2500000e+02
   1.0200000e+02
   1.4500000e+02
   1.3400000e+02
   1.0300000e+02
   1.1700000e+02
   1.5400000e+02
   1.0300000e+02
   1.1700000e+02
   1.4000000e+02
   1.0800000e+02
   1.1100000e+02
   1.0500000e+02
   1.1800000e+02
   1.0800000e+02
   1.1400000e+02
   1.3900000e+02
   1.4700000e+02
   1.0400000e+02
   1.2800000e+02
   1.0400000e+02
   1.3900000e+02
   1.2700000e+02
   1.0700000e+02
   1.5100000e+02
   1.2300000e+02
   1.3900000e+02
   1.4100000e+02
   1.4400000e+02
   1.4000000e+02
   1.1000000e+02
   1.4700000e+02
   1.4000000e+02
   1.0300000e+02
   1.3000000e+02
   1.3300000e+02
   1.0600000e+02
   1.0400000e+02
   1.2500000e+02
   1.1400000e+02
   1.4800000e+02
   1.3400000e+02
   1.4200000e+02
   1.6800000e+02
   1.3200000e+02
   1.2600000e+02
   1.2600000e+02
   1.1800000e+02
   1.4400000e+02
   1.3600000e+02
   1.1300000e+02
   1.1800000e+02
   1.2200000e+02
   1.2300000e+02
   1.1200000e+02
   1.0400000e+02
   1.1400000e+02
   1.0900000e+02
   1.1000000e+02
   1.0200000e+02
   1.2500000e+02
   1.0600000e+02
   1.3900000e+02
   1.5800000e+02
   1.3300000e+02
   1.4200000e+02
   1.3400000e+02
   1.4000000e+02
   1.4300000e+02
   1.0400000e+02
   1.0800000e+02
   1.0600000e+02
   3.1500000e+02
   1.1800000e+02
   1.3500000e+02
   1.5300000e+02
   1.4800000e+02
   1.3400000e+02
   1.4400000e+02
   1.4500000e+02
   1.4600000e+02
   1.4400000e+02
   1.3900000e+02
   1.2500000e+02
   1.0500000e+02
   1.4700000e+02
   1.3300000e+02
   1.4000000e+02
   1.0500000e+02
   1.1300000e+02
   1.0200000e+02
   1.2600000e+02
   1.0300000e+02
   1.0200000e+02
   1.0300000e+02
   1.2400000e+02
   1.3300000e+02
   1.3600000e+02
   1.0500000e+02
   1.1300000e+02
   1.0200000e+02
   1.3700000e+02
   1.0300000e+02
   1.1700000e+02
   1.0900000e+02
   1.1700000e+02
   1.1900000e+02
   1.4000000e+02
   1.0400000e+02
   1.0300000e+02
   1.2200000e+02
   1.0600000e+02
   1.1700000e+02
   1.2300000e+02
   1.0300000e+02
   1.4000000e+02
   1.0200000e+02
   1.2700000e+02
   1.4000000e+02
   1.4600000e+02
   1.0200000e+02
   1.1900000e+02
   1.0200000e+02
   1.3300000e+02
   1.0400000e+02
   1.1300000e+02
   1.0300000e+02
   1.1400000e+02
   1.0300000e+02
   1.2200000e+02
   1.4000000e+02
   1.0300000e+02
   1.0700000e+02
   1.2600000e+02
   1.0300000e+02
   1.1700000e+02
   1.0400000e+02
   1.0300000e+02
   1.1100000e+02
   1.2100000e+02
   1.3100000e+02
   1.0300000e+02
   1.2500000e+02
   1.0500000e+02
   1.3800000e+02
   1.2700000e+02
   1.1100000e+02
   1.0400000e+02
   1.1600000e+02
   1.0300000e+02
   1.1700000e+02
   1.4300000e+02
   1.0400000e+02
   1.0500000e+02
   1.0400000e+02
   1.0700000e+02
   1.0400000e+02
   1.0500000e+02
   1.0200000e+02
   1.4900000e+02
   1.3500000e+02
   1.0300000e+02
   1.1700000e+02
   1.0300000e+02
   1.0300000e+02
   1.2700000e+02
   1.4400000e+02
   1.0200000e+02
   1.0400000e+02
   1.1700000e+02
   1.5300000e+02
   1.4000000e+02
   1.0400000e+02
   2.5200000e+02
   1.2400000e+02
   1.0700000e+02
   1.0900000e+02
   1.0500000e+02
   1.1700000e+02
   1.0600000e+02
   1.0700000e+02
   1.0200000e+02
   1.1600000e+02
   1.0400000e+02
   1.5600000e+02
   1.2100000e+02
   1.0300000e+02
   1.1100000e+02
   1.0300000e+02
   1.0500000e+02
   1.4200000e+02
   1.0500000e+02
   1.1600000e+02
   1.0300000e+02
   1.1200000e+02
   1.0400000e+02
   1.0300000e+02
   1.2600000e+02
   1.0400000e+02
   1.2400000e+02
   1.0200000e+02
   1.3900000e+02
   1.0400000e+02
   1.6000000e+02
   1.0900000e+02
   1.0300000e+02
   1.2100000e+02
   1.0300000e+02
   1.2000000e+02
   1.0300000e+02
   1.3100000e+02
   1.3100000e+02
   1.0300000e+02
   1.1700000e+02
   1.0300000e+02
   1.0600000e+02
   1.1100000e+02
   1.1300000e+02
   2.2100000e+02
   1.0300000e+02
   1.4200000e+02
   1.2600000e+02
   2.4300000e+02
   2.2900000e+02
   1.3800000e+02
   1.0300000e+02
   1.4000000e+02
   1.0500000e+02
   1.1800000e+02
   1.3500000e+02
   1.0300000e+02
   1.0200000e+02
   1.3000000e+02
   1.5600000e+02
   1.2200000e+02
   1.2600000e+02
   1.0400000e+02
   1.1500000e+02
   1.0300000e+02
   1.0800000e+02
   1.0400000e+02
   1.2000000e+02
   1.0200000e+02
   1.0400000e+02
   1.0300000e+02
   1.4100000e+02
   1.0100000e+02
   1.1600000e+02
   1.0400000e+02
   1.1700000e+02
   1.0300000e+02
   1.0300000e+02
   1.1600000e+02
   1.0100000e+02
   1.0900000e+02
   1.0200000e+02
   1.2800000e+02
   1.0200000e+02
   1.0100000e+02
   1.0200000e+02
   1.3400000e+02
   1.3800000e+02
   1.0700000e+02
   1.2200000e+02
   1.0200000e+02
   1.2800000e+02
   1.5000000e+02
   1.4600000e+02
   1.4300000e+02
   1.2800000e+02
   1.1800000e+02
   1.2000000e+02
   1.0300000e+02
   1.2200000e+02
   2.0600000e+02
   1.0300000e+02
   1.3300000e+02
   1.2300000e+02
   1.0200000e+02
   1.2200000e+02
   1.0200000e+02
   1.1500000e+02
   1.0600000e+02
   1.2300000e+02
   1.0200000e+02
   1.0600000e+02
   1.0300000e+02
   1.3000000e+02
   1.0400000e+02
   1.2100000e+02
   1.0400000e+02
   1.0200000e+02
   1.2400000e+02
   1.2600000e+02
   1.1100000e+02
   1.2500000e+02
   1.0300000e+02
   1.0300000e+02
   1.0300000e+02
   1.3000000e+02
   1.0200000e+02
   1.3000000e+02
   1.0300000e+02
   1.2500000e+02
   1.0400000e+02
   1.0200000e+02
   1.0800000e+02
   1.1300000e+02
   1.0300000e+02
   1.2600000e+02
   1.0300000e+02
   1.0300000e+02
   1.0800000e+02
   1.2500000e+02
   1.0200000e+02
   1.1200000e+02
   1.0400000e+02
   1.2400000e+02
   1.0200000e+02
   1.1900000e+02
   1.0300000e+02
   1.0300000e+02
   1.0600000e+02
   1.0200000e+02
   2.0800000e+02
   1.5300000e+02
   2.0800000e+02
   1.5800000e+02
   3.8100000e+02
   1.1500000e+02
   5.4500000e+02
   1.0900000e+02
   2.5200000e+02
   1.0400000e+02
   1.1700000e+02
   1.0300000e+02
   1.2600000e+02
   1.0300000e+02
   1.0200000e+02
   1.2800000e+02
   1.2300000e+02
   1.1600000e+02
   1.2400000e+02
   1.0200000e+02
   1.2700000e+02
   1.0300000e+02
   1.2000000e+02
   1.0300000e+02
   1.2000000e+02
   1.4200000e+02
   1.0300000e+02
   1.0200000e+02
   1.0900000e+02
   1.2300000e+02
   1.0400000e+02
   1.0200000e+02
   1.2500000e+02
   1.0300000e+02
   1.2200000e+02
   1.0200000e+02
   1.1800000e+02
   1.1800000e+02
   1.2700000e+02
   1.3200000e+02
   1.0200000e+02
   1.2200000e+02
   1.3700000e+02
   1.0300000e+02
   1.1300000e+02
   1.0200000e+02
   1.2500000e+02
   1.3300000e+02
   1.1200000e+02
   1.4100000e+02
   1.3200000e+02
   1.9600000e+02
   1.1700000e+02
   1.0500000e+02
   1.3400000e+02
   1.1900000e+02
   1.0200000e+02
   1.4400000e+02
   1.2600000e+02
   1.0200000e+02
   1.2800000e+02
   1.0200000e+02
   1.1800000e+02
   1.0400000e+02
   1.1100000e+02
   1.1500000e+02
   1.2800000e+02
   1.3700000e+02
   1.0100000e+02
   1.3700000e+02
   1.1600000e+02
   1.2900000e+02
   1.2900000e+02
   1.0300000e+02
   1.1600000e+02
   1.0300000e+02
   1.0300000e+02
   1.0800000e+02
   1.2700000e+02
   1.0300000e+02
   1.0400000e+02
   1.2200000e+02
   1.0600000e+02
   1.1600000e+02
   1.3900000e+02
   1.0300000e+02
   1.0300000e+02
   1.0700000e+02
   1.2400000e+02
   1.1000000e+02
   1.1700000e+02
   1.2000000e+02
   1.1000000e+02
   1.2800000e+02
   1.0300000e+02
   1.3400000e+02
   1.0500000e+02
   1.1700000e+02
   1.0200000e+02
   1.3100000e+02
   1.0300000e+02
   1.3200000e+02
   1.3800000e+02
   1.0200000e+02
   1.1700000e+02
   1.0300000e+02
   1.2800000e+02
   1.3600000e+02
   1.0400000e+02
   1.1900000e+02
   1.0300000e+02
   1.4900000e+02
   1.0300000e+02
   1.4100000e+02
   1.0200000e+02
   1.3800000e+02
   1.3400000e+02
   1.0200000e+02
   1.2100000e+02
   1.0600000e+02
   1.0300000e+02
   1.0900000e+02
   1.0300000e+02
   1.2800000e+02
   1.0200000e+02
   1.4800000e+02
   1.0300000e+02
   1.0300000e+02
   1.3100000e+02
   1.0300000e+02
   1.1600000e+02
   1.1900000e+02
   1.0300000e+02
   1.2000000e+02
   1.1900000e+02
   1.0300000e+02
   1.2500000e+02
   1.0100000e+02
   1.0200000e+02
   1.0100000e+02
   1.3600000e+02
   1.0300000e+02
   1.0800000e+02
   1.2500000e+02
   1.0400000e+02
   1.1000000e+02
   1.0300000e+02
   1.4100000e+02
   1.4000000e+02
   1.0300000e+02
   1.0700000e+02
   1.0300000e+02
   1.9100000e+02
   1.0300000e+02
   1.4900000e+02
   1.4300000e+02
   1.3500000e+02
   1.0600000e+02
   1.0300000e+02
   1.1700000e+02
   1.0900000e+02
   1.0100000e+02
   1.3500000e+02
   1.2500000e+02
   1.0300000e+02
   1.1700000e+02
   1.2300000e+02
   1.0200000e+02
   1.2400000e+02
   1.0500000e+02
   1.1700000e+02
   1.0300000e+02
   1.2400000e+02
   1.0200000e+02
   1.4500000e+02
   1.0700000e+02
   1.0300000e+02
   1.3300000e+02
   1.0200000e+02
   1.0200000e+02
   1.1900000e+02
   1.3700000e+02
   1.3400000e+02
   1.0200000e+02
   1.0600000e+02
   1.0100000e+02
   1.4100000e+02
   1.1800000e+02
   1.2500000e+02
   1.0400000e+02
   1.0200000e+02
   1.3000000e+02
   1.0700000e+02
   1.0300000e+02
   1.0200000e+02
   1.0300000e+02
   1.2400000e+02
   1.0100000e+02
   1.4700000e+02
   1.2000000e+02
   1.0200000e+02
   1.2500000e+02
   1.0200000e+02
   1.0400000e+02
   1.2000000e+02
   1.1400000e+02
   1.1700000e+02
   1.2800000e+02
   1.0300000e+02
   1.0300000e+02
   1.0100000e+02
   1.2400000e+02
   1.3200000e+02
   1.2300000e+02
   1.0200000e+02
   1.1700000e+02
   1.0200000e+02
   1.1900000e+02
   1.0300000e+02
   1.1000000e+02
   1.0200000e+02
   1.4700000e+02
   1.2000000e+02
   1.0300000e+02
   1.2900000e+02
   1.0200000e+02
   1.1900000e+02
   1.0300000e+02
   1.1900000e+02
   1.3700000e+02
   1.0300000e+02
   1.1600000e+02
   1.0400000e+02
   1.1900000e+02
   1.4000000e+02
   1.0300000e+02
   1.1700000e+02
   1.1800000e+02
   1.1400000e+02
   1.2200000e+02
   1.0200000e+02
   1.0300000e+02
   1.4000000e+02
   1.8300000e+02
   1.1200000e+02
   1.4700000e+02
   1.0200000e+02
   1.4200000e+02
   1.0700000e+02
   1.0200000e+02
   1.9400000e+02
   1.2900000e+02
   1.6000000e+02
   3.0300000e+02
   1.7200000e+02
   1.0200000e+02
   1.8900000e+02
   1.0200000e+02
   1.0100000e+02
   1.9500000e+02
   1.0300000e+02
   2.2100000e+02
   1.0600000e+02
   1.1200000e+02
   2.0100000e+02
   1.0100000e+02
   1.7700000e+02
   1.4000000e+02
   1.0100000e+02
   1.8200000e+02
   1.0200000e+02
   1.9600000e+02
   1.2300000e+02
   1.1100000e+02
   2.6600000e+02
   1.2600000e+02
   1.0200000e+02
   1.9800000e+02
   1.0300000e+02
   1.0200000e+02
   2.0200000e+02
   1.6600000e+02
   1.0300000e+02
   1.3300000e+02
   1.0200000e+02
   1.2500000e+02
   1.0300000e+02
   1.3200000e+02
   1.1200000e+02
   1.1400000e+02
   1.1500000e+02
   1.1100000e+02
   1.0600000e+02
   1.3600000e+02
   1.4000000e+02
   1.0300000e+02
   1.2200000e+02
   1.5200000e+02
   1.3200000e+02
   1.0200000e+02
   1.1800000e+02
   1.0400000e+02
   1.0300000e+02
   1.0300000e+02
   1.2300000e+02
   1.0300000e+02
   1.2500000e+02
   1.3700000e+02
   1.2000000e+02
   1.0200000e+02
   1.0200000e+02
   1.1800000e+02
   1.3900000e+02
   1.0300000e+02
   1.1700000e+02
   1.4600000e+02
   1.0300000e+02
   1.0200000e+02
   1.0200000e+02
   1.2900000e+02
   1.0300000e+02
   1.2000000e+02
   1.2400000e+02
   1.1300000e+02
   1.0500000e+02
   1.4500000e+02
   1.3600000e+02
   1.0100000e+02
   1.0200000e+02
   1.0400000e+02
   1.3400000e+02
   1.4400000e+02
   1.0200000e+02
   1.0200000e+02
   1.0700000e+02
   1.1800000e+02
   1.6200000e+02
   1.2000000e+02
   1.1100000e+02
   1.1500000e+02
   1.0200000e+02
   1.1700000e+02
   1.1900000e+02
   1.0100000e+02
