   4.7983980e+02
   5.0199151e+02
   5.0199747e+02
   5.0200248e+02
   5.0199795e+02
   5.0300264e+02
   5.0199866e+02
   5.0300097e+02
   5.0199914e+02
   5.0300169e+02
   5.0199890e+02
   5.0300097e+02
   5.0199795e+02
   5.0300288e+02
   5.0199795e+02
   5.0200105e+02
   5.0199914e+02
   5.0200248e+02
   5.0299835e+02
   5.0200009e+02
   5.0299907e+02
   5.0200295e+02
   5.0300360e+02
   5.0200295e+02
   5.0299811e+02
   5.0200295e+02
   5.0199819e+02
   5.0200033e+02
   5.0299954e+02
   5.0200152e+02
   5.0299978e+02
   5.0200081e+02
   5.0199866e+02
   5.0300336e+02
   5.0199628e+02
   5.0300241e+02
   5.0199747e+02
   5.0300360e+02
   5.0099826e+02
   5.0300121e+02
   5.0199842e+02
   5.0300264e+02
   5.0199747e+02
   5.0300193e+02
   5.0199938e+02
   5.0300241e+02
   5.0199676e+02
   5.0200129e+02
   5.0299931e+02
   5.0100279e+02
   5.0299954e+02
   5.0199986e+02
   5.0299859e+02
   5.0200176e+02
   5.0301862e+02
   5.0198078e+02
   5.0299931e+02
   5.0200438e+02
   5.0299692e+02
   5.0199962e+02
   5.0199962e+02
   5.0200200e+02
   5.0299835e+02
   5.0200152e+02
   5.0199890e+02
   5.0300145e+02
   5.0200033e+02
   5.0300026e+02
   5.0199962e+02
   5.0300121e+02
   5.0199890e+02
   5.0300026e+02
   5.0100088e+02
   5.0300241e+02
   5.0199604e+02
   5.0300193e+02
   5.0199819e+02
   5.0300264e+02
   5.0199890e+02
   5.0300002e+02
   5.0200009e+02
   5.0200224e+02
   5.0299692e+02
   5.0200152e+02
   5.0199938e+02
   5.0200200e+02
   5.0299811e+02
   5.0200224e+02
   5.0299835e+02
   5.0200152e+02
   5.0255561e+02
   5.0244403e+02
   5.0300026e+02
   5.0200129e+02
   5.0199962e+02
   5.0200081e+02
   5.0199842e+02
   5.0300264e+02
   5.0199795e+02
   5.0300097e+02
   5.0199866e+02
   5.0300193e+02
   5.0199890e+02
   5.0300097e+02
   5.0200009e+02
   5.0300264e+02
   5.0199723e+02
   5.0200081e+02
   5.0199986e+02
   5.0302505e+02
   5.0197506e+02
   5.0300050e+02
   5.0199962e+02
   5.0300074e+02
   5.0199938e+02
   5.0200057e+02
   5.0300050e+02
   5.0200224e+02
   5.0199699e+02
   5.0200200e+02
   5.0299835e+02
   5.0200224e+02
   5.0299954e+02
   5.0200033e+02
   5.0299835e+02
   5.0200248e+02
   5.0299740e+02
   5.0200272e+02
   5.0300074e+02
   5.0100017e+02
   5.0299716e+02
   5.0200200e+02
   5.0199890e+02
   5.0300121e+02
   5.0200129e+02
   5.0299954e+02
   5.0199986e+02
   5.0300193e+02
   5.0199795e+02
   5.0300121e+02
   5.0204802e+02
   5.0195289e+02
   5.0199723e+02
   5.0300217e+02
   5.0200057e+02
   5.0300074e+02
   5.0199771e+02
   5.0300074e+02
   5.0200105e+02
   5.0300026e+02
   5.0199962e+02
   5.0200129e+02
   5.0299978e+02
   5.0099993e+02
   5.0300002e+02
   5.0199866e+02
   5.0300145e+02
   5.0200081e+02
   5.0299788e+02
   5.0200272e+02
   5.0301790e+02
   5.0198245e+02
   5.0299811e+02
   5.0202298e+02
   5.0197959e+02
   5.0200033e+02
   5.0299859e+02
   5.0200057e+02
   5.0200391e+02
   5.0299692e+02
   5.0199890e+02
   5.0300026e+02
   5.0200057e+02
   5.0300360e+02
   5.0199723e+02
   5.0200033e+02
   5.0200081e+02
   5.0299883e+02
   5.0200152e+02
   5.0300097e+02
   5.0199914e+02
   5.0299954e+02
   5.0199866e+02
   5.0300169e+02
   5.0200057e+02
   5.0299931e+02
   5.0199938e+02
   5.0099969e+02
   5.0300264e+02
   5.0199914e+02
   5.0299716e+02
   5.0200343e+02
   5.0300026e+02
   5.0200200e+02
   5.0299668e+02
   5.0200152e+02
   5.0301242e+02
   5.0198650e+02
   5.0300074e+02
   5.0099993e+02
   5.0300097e+02
   5.0200057e+02
   5.0300002e+02
   5.0200033e+02
   5.0299954e+02
   5.0200009e+02
   5.0200057e+02
   5.0299859e+02
   5.0200152e+02
   5.0300121e+02
   5.0099993e+02
   5.0299907e+02
   5.0200009e+02
   5.0299931e+02
   5.0200176e+02
   5.0299978e+02
   5.0200105e+02
   5.0299954e+02
   5.0200081e+02
   5.0301814e+02
   5.0198269e+02
   5.0200033e+02
   5.0199914e+02
   5.0300026e+02
   5.0200152e+02
   5.0199723e+02
   5.0300193e+02
   5.0199747e+02
   5.0300264e+02
   5.0200009e+02
   5.0300074e+02
   5.0199819e+02
   5.0300169e+02
   5.0099969e+02
   5.0299978e+02
   5.0200033e+02
   5.0300264e+02
   5.0199604e+02
   5.0300145e+02
   5.0200629e+02
   5.0299501e+02
   5.0200152e+02
   5.0300145e+02
   5.0199819e+02
   5.0200129e+02
   5.0199866e+02
   5.0300050e+02
   5.0199938e+02
   5.0200319e+02
   5.0299716e+02
   5.0200057e+02
   5.0299835e+02
   5.0200343e+02
   5.0299764e+02
   5.0200081e+02
   5.0299931e+02
   5.0100279e+02
   5.0299764e+02
   5.0200200e+02
   5.0299811e+02
   5.0200915e+02
   5.0299120e+02
   5.0200033e+02
   5.0300097e+02
   5.0200200e+02
   5.0199676e+02
   5.0300217e+02
   5.0099826e+02
   5.0300241e+02
   5.0199914e+02
   5.0300050e+02
   5.0200367e+02
   5.0299907e+02
   5.0202084e+02
   5.0297713e+02
   5.0199914e+02
   5.0300241e+02
   5.0199866e+02
   5.0300169e+02
   5.0099969e+02
   5.0300097e+02
   5.0199866e+02
   5.0300598e+02
   5.0199389e+02
   5.0300121e+02
   5.0199938e+02
   5.0300074e+02
   5.0199914e+02
   5.0200152e+02
   5.0299859e+02
   5.0100064e+02
   5.0299835e+02
   5.0200343e+02
   5.0299716e+02
   5.0200057e+02
   5.0300217e+02
   5.0199914e+02
   5.0299954e+02
   5.0200057e+02
   5.0299954e+02
   5.0200081e+02
   5.0300074e+02
   5.0099969e+02
   5.0300026e+02
   5.0200224e+02
   5.0299668e+02
   5.0200129e+02
   5.0200105e+02
   5.0300241e+02
   5.0199652e+02
   5.0300121e+02
   5.0199842e+02
   5.0300193e+02
   5.0099874e+02
   5.0300169e+02
   5.0199890e+02
   5.0300193e+02
   5.0199842e+02
   5.0300026e+02
   5.0200081e+02
   5.0300217e+02
   5.0199819e+02
   5.0300193e+02
   5.0151038e+02
   5.0249004e+02
   5.0199819e+02
   5.0299954e+02
   5.0200081e+02
   5.0302219e+02
   5.0197721e+02
   5.0200129e+02
   5.0300121e+02
   5.0200105e+02
   5.0299835e+02
   5.0200152e+02
   5.0299740e+02
   5.0100207e+02
   5.0299954e+02
   5.0200009e+02
   5.0299978e+02
   5.0200272e+02
   5.0299716e+02
   5.0200081e+02
   5.0300193e+02
   5.0199914e+02
   5.0299859e+02
   5.0200248e+02
   5.0200009e+02
   5.0200033e+02
   5.0199890e+02
   5.0300097e+02
   5.0207114e+02
   5.0293040e+02
   5.0199699e+02
   5.0300121e+02
   5.0200629e+02
   5.0299573e+02
   5.0199771e+02
   5.0300193e+02
   5.0099945e+02
   5.0300193e+02
   5.0199842e+02
   5.0300026e+02
   5.0200176e+02
   5.0300002e+02
   5.0199699e+02
   5.0300264e+02
   5.0199842e+02
   5.0300241e+02
   5.0199771e+02
   5.0200033e+02
   5.0200057e+02
   5.0200200e+02
   5.0299835e+02
   5.0200009e+02
   5.0300074e+02
   5.0200057e+02
   5.0299931e+02
   5.0200009e+02
   5.0300026e+02
   5.0200129e+02
   5.0299883e+02
   5.0102282e+02
   5.0297737e+02
   5.0200057e+02
   5.0300121e+02
   5.0199842e+02
   5.0300050e+02
   5.0200176e+02
   5.0299883e+02
   5.0200176e+02
   5.0299859e+02
   5.0200105e+02
   5.0199771e+02
   5.0200081e+02
   5.0200343e+02
   5.0299907e+02
   5.0200057e+02
   5.0299931e+02
   5.0199938e+02
   5.0300026e+02
   5.0199938e+02
   5.0300169e+02
   5.0199986e+02
   5.0300193e+02
   5.0099730e+02
   5.0300050e+02
   5.0200248e+02
   5.0299835e+02
   5.0199890e+02
   5.0300169e+02
   5.0200033e+02
   5.0299907e+02
   5.0200009e+02
   5.0299954e+02
   5.0200105e+02
   5.0099969e+02
   5.0300121e+02
   5.0199986e+02
   5.0300241e+02
   5.0199747e+02
   5.0299883e+02
   5.0200176e+02
   5.0299931e+02
   5.0200272e+02
   5.0299883e+02
   5.0200033e+02
   5.0300002e+02
   5.0100160e+02
   5.0299835e+02
   5.0200105e+02
   5.0299954e+02
   5.0200033e+02
   5.0299835e+02
   5.0200129e+02
   5.0300050e+02
   5.0205517e+02
   5.0194597e+02
   5.0301242e+02
   5.0098896e+02
   5.0299788e+02
   5.0200105e+02
   5.0300217e+02
   5.0199938e+02
   5.0300002e+02
   5.0199771e+02
   5.0300121e+02
   5.0200176e+02
   5.0299907e+02
   5.0199866e+02
   5.0199986e+02
   5.0200033e+02
   5.0300145e+02
   5.0200009e+02
   5.0300026e+02
   5.0200224e+02
   5.0299740e+02
   5.0200129e+02
   5.0299859e+02
   5.0200319e+02
   5.0199699e+02
   5.0300074e+02
   5.0100207e+02
   5.0300002e+02
   5.0199962e+02
   5.0299931e+02
   5.0200057e+02
   5.0300145e+02
   5.0199771e+02
   5.0300121e+02
   5.0199842e+02
   5.0300431e+02
   5.0199795e+02
   5.0300097e+02
   5.0099850e+02
   5.0300121e+02
   5.0199938e+02
   5.0300169e+02
   5.0199914e+02
   5.0300074e+02
   5.0199938e+02
   5.0300002e+02
   5.0199938e+02
   5.0300074e+02
   5.0200105e+02
   5.0100160e+02
   5.0299859e+02
   5.0200105e+02
   5.0299859e+02
   5.0200152e+02
   5.0299931e+02
   5.0200224e+02
   5.0301838e+02
   5.0197911e+02
   5.0299931e+02
   5.0200367e+02
   5.0299907e+02
   5.0099850e+02
   5.0300026e+02
   5.0200200e+02
   5.0299788e+02
   5.0200200e+02
   5.0300026e+02
   5.0200057e+02
   5.0299931e+02
   5.0199962e+02
   5.0299931e+02
   5.0200343e+02
   5.0099993e+02
   5.0299978e+02
   5.0199842e+02
   5.0300097e+02
   5.0199890e+02
   5.0300241e+02
   5.0199866e+02
   5.0300145e+02
   5.0199771e+02
   5.0247931e+02
   5.0252080e+02
   5.0200415e+02
   5.0199652e+02
   5.0300145e+02
   5.0200057e+02
   5.0300217e+02
   5.0199652e+02
   5.0300074e+02
   5.0199962e+02
   5.0200248e+02
   5.0299883e+02
   5.0200105e+02
   5.0299764e+02
   5.0100374e+02
   5.0299692e+02
   5.0200105e+02
   5.0300264e+02
   5.0200105e+02
   5.0299597e+02
   5.0200057e+02
   5.0299954e+02
   5.0200343e+02
   5.0299811e+02
   5.0200129e+02
   5.0299859e+02
   5.0100231e+02
   5.0299883e+02
   5.0200081e+02
   5.0299954e+02
   5.0202203e+02
   5.0297737e+02
   5.0200081e+02
   5.0200033e+02
   5.0300169e+02
   5.0199842e+02
   5.0299954e+02
   5.0100064e+02
   5.0300264e+02
   5.0199699e+02
   5.0300145e+02
   5.0199890e+02
   5.0300360e+02
   5.0199628e+02
   5.0300264e+02
   5.0204968e+02
   5.0295138e+02
   5.0199866e+02
   5.0200129e+02
   5.0199914e+02
   5.0300050e+02
   5.0200033e+02
   5.0300169e+02
   5.0199866e+02
   5.0300002e+02
   5.0199962e+02
   5.0299907e+02
   5.0200224e+02
   5.0200057e+02
   5.0299811e+02
   5.0100017e+02
   5.0300074e+02
   5.0200081e+02
   5.0299931e+02
   5.0200009e+02
   5.0300074e+02
   5.0200152e+02
   5.0299883e+02
   5.0200319e+02
   5.0299859e+02
   5.0199962e+02
   5.0199890e+02
   5.0200057e+02
   5.0299931e+02
   5.0200081e+02
   5.0300145e+02
   5.0200295e+02
   5.0299668e+02
   5.0199986e+02
   5.0299978e+02
   5.0200129e+02
   5.0199914e+02
   5.0300002e+02
   5.0099921e+02
   5.0300169e+02
   5.0201464e+02
   5.0298524e+02
   5.0199842e+02
   5.0300050e+02
   5.0200176e+02
   5.0300026e+02
   5.0199819e+02
   5.0300121e+02
   5.0200009e+02
   5.0199986e+02
   5.0200057e+02
   5.0299931e+02
   5.0200105e+02
   5.0299978e+02
   5.0200081e+02
   5.0299931e+02
   5.0200057e+02
   5.0300002e+02
   5.0200033e+02
   5.0300145e+02
   5.0200009e+02
   5.0099921e+02
   5.0299978e+02
   5.0200057e+02
   5.0300264e+02
   5.0199819e+02
   5.0299668e+02
   5.0200367e+02
   5.0299907e+02
   5.0199986e+02
   5.0300097e+02
   5.0199914e+02
   5.0200129e+02
   5.0199938e+02
   5.0300336e+02
   5.0199771e+02
   5.0300050e+02
   5.0200033e+02
   5.0299978e+02
   5.0200081e+02
   5.0299954e+02
   5.0200057e+02
   5.0199914e+02
   5.0300097e+02
   5.0100064e+02
   5.0299978e+02
   5.0200033e+02
   5.0300193e+02
   5.0199890e+02
   5.0300026e+02
   5.0199723e+02
   5.0300217e+02
   5.0200152e+02
   5.0299907e+02
   5.0199890e+02
   5.0202441e+02
   5.0197744e+02
   5.0299811e+02
   5.0200415e+02
   5.0299811e+02
   5.0200057e+02
   5.0300169e+02
   5.0199723e+02
   5.0302839e+02
   5.0197244e+02
   5.0200152e+02
   5.0299835e+02
   5.0100017e+02
   5.0300050e+02
   5.0200009e+02
   5.0299907e+02
   5.0200081e+02
   5.0300169e+02
   5.0199914e+02
   5.0300121e+02
   5.0199842e+02
   5.0300097e+02
   5.0200033e+02
   5.0199962e+02
   5.0200224e+02
   5.0299931e+02
   5.0200057e+02
   5.0299621e+02
   5.0200295e+02
   5.0300241e+02
   5.0200152e+02
   5.0199795e+02
   5.0299788e+02
   5.0210404e+02
   5.0189877e+02
   5.0199795e+02
   5.0300217e+02
   5.0200033e+02
   5.0299788e+02
   5.0200009e+02
   5.0300050e+02
   5.0200295e+02
   5.0299692e+02
   5.0200200e+02
   5.0299859e+02
   5.0200105e+02
   5.0200033e+02
   5.0199986e+02
   5.0299978e+02
   5.0200081e+02
   5.0299954e+02
   5.0199986e+02
   5.0199962e+02
   5.0300288e+02
   5.0202012e+02
   5.0297785e+02
   5.0200129e+02
   5.0200057e+02
   5.0200152e+02
   5.0299978e+02
   5.0200057e+02
   5.0300336e+02
   5.0199747e+02
   5.0299978e+02
   5.0199890e+02
   5.0300169e+02
   5.0200129e+02
   5.0299835e+02
   5.0200009e+02
   5.0200081e+02
   5.0200009e+02
   5.0300097e+02
   5.0199914e+02
   5.0300097e+02
   5.0199795e+02
   5.0200200e+02
   5.0300121e+02
   5.0199866e+02
   5.0300741e+02
   5.0199223e+02
   5.0200224e+02
   5.0199986e+02
   5.0299716e+02
   5.0200129e+02
   5.0299978e+02
   5.0200105e+02
   5.0300169e+02
   5.0199866e+02
   5.0299931e+02
   5.0200033e+02
   5.0299978e+02
   5.0200081e+02
   5.0199795e+02
   5.0200367e+02
   5.0299835e+02
   5.0200248e+02
   5.0199962e+02
   5.0300050e+02
   5.0199938e+02
   5.0300050e+02
   5.0199938e+02
   5.0300407e+02
   5.0199723e+02
   5.0199914e+02
   5.0199962e+02
   5.0299978e+02
   5.0200105e+02
   5.0300074e+02
   5.0199986e+02
   5.0302839e+02
   5.0197220e+02
   5.0300026e+02
   5.0200057e+02
   5.0299978e+02
   5.0199914e+02
   5.0199986e+02
   5.0200224e+02
   5.0299811e+02
   5.0200152e+02
   5.0299907e+02
   5.0199986e+02
   5.0200653e+02
   5.0299621e+02
   5.0199842e+02
   5.0299931e+02
   5.0203538e+02
   5.0196671e+02
   5.0200033e+02
   5.0299835e+02
   5.0200105e+02
   5.0299954e+02
   5.0200105e+02
   5.0299835e+02
   5.0200224e+02
   5.0299764e+02
   5.0200200e+02
   5.0300002e+02
   5.0099993e+02
   5.0300002e+02
   5.0200343e+02
   5.0299692e+02
   5.0200152e+02
   5.0300097e+02
   5.0201344e+02
   5.0198483e+02
   5.0300312e+02
   5.0199652e+02
   5.0299931e+02
   5.0200200e+02
   5.0199890e+02
   5.0200152e+02
   5.0300026e+02
   5.0199890e+02
   5.0300097e+02
   5.0199914e+02
   5.0300121e+02
   5.0199986e+02
   5.0300145e+02
   5.0199914e+02
   5.0300145e+02
   5.0199866e+02
   5.0200105e+02
   5.0200057e+02
   5.0300121e+02
   5.0201917e+02
   5.0297904e+02
   5.0199962e+02
   5.0300026e+02
   5.0200152e+02
   5.0199962e+02
   5.0300431e+02
   5.0199699e+02
   5.0199962e+02
   5.0200176e+02
   5.0299788e+02
   5.0200224e+02
   5.0299835e+02
   5.0200105e+02
   5.0299859e+02
   5.0200033e+02
   5.0299859e+02
   5.0200081e+02
   5.0300026e+02
   5.0099826e+02
   5.0300288e+02
   5.0201845e+02
   5.0298262e+02
   5.0199771e+02
   5.0200057e+02
   5.0300264e+02
   5.0200009e+02
   5.0300145e+02
   5.0199270e+02
   5.0300074e+02
   5.0199962e+02
   5.0200057e+02
   5.0199962e+02
   5.0300097e+02
   5.0199938e+02
   5.0299978e+02
   5.0199962e+02
   5.0300097e+02
   5.0204587e+02
   5.0295544e+02
   5.0199914e+02
   5.0300145e+02
   5.0199866e+02
   5.0199986e+02
   5.0200057e+02
   5.0300121e+02
   5.0200033e+02
   5.0300026e+02
   5.0199890e+02
   5.0200129e+02
   5.0299835e+02
   5.0199986e+02
   5.0299907e+02
   5.0200081e+02
   5.0200319e+02
   5.0202537e+02
   5.0297546e+02
   5.0199842e+02
   5.0299788e+02
   5.0200295e+02
   5.0299859e+02
   5.0200129e+02
   5.0299978e+02
   5.0199866e+02
   5.0300050e+02
   5.0100255e+02
   5.0300479e+02
   5.0199461e+02
   5.0299859e+02
   5.0200105e+02
   5.0300431e+02
   5.0201344e+02
   5.0198364e+02
   5.0300145e+02
   5.0199962e+02
   5.0300050e+02
   5.0199914e+02
   5.0200081e+02
   5.0199986e+02
   5.0299978e+02
   5.0199938e+02
   5.0299931e+02
   5.0199866e+02
   5.0300121e+02
   5.0199962e+02
   5.0300169e+02
   5.0199819e+02
   5.0300097e+02
   5.0100040e+02
   5.0300050e+02
   5.0199866e+02
   5.0300121e+02
   5.0200105e+02
   5.0299978e+02
   5.0199890e+02
   5.0300026e+02
   5.0200081e+02
   5.0200272e+02
   5.0299716e+02
   5.0200152e+02
   5.0199866e+02
   5.0200272e+02
   5.0299692e+02
   5.0200152e+02
   5.0300121e+02
   5.0200057e+02
   5.0299716e+02
   5.0200248e+02
   5.0299883e+02
   5.0202441e+02
   5.0297546e+02
   5.0100231e+02
   5.0299764e+02
   5.0200319e+02
   5.0299954e+02
   5.0200009e+02
   5.0300193e+02
   5.0201321e+02
   5.0298643e+02
   5.0200057e+02
   5.0299907e+02
   5.0199962e+02
   5.0199866e+02
   5.0200152e+02
   5.0199938e+02
   5.0300217e+02
   5.0199676e+02
   5.0300121e+02
   5.0200200e+02
   5.0299859e+02
   5.0199914e+02
   5.0300193e+02
   5.0199986e+02
   5.0300002e+02
   5.0100231e+02
   5.0299692e+02
   5.0200176e+02
   5.0299811e+02
   5.0200248e+02
   5.0299978e+02
   5.0200057e+02
   5.0299811e+02
   5.0200129e+02
   5.0299954e+02
   5.0200176e+02
   5.0199747e+02
   5.0200224e+02
   5.0299883e+02
   5.0200295e+02
   5.0299835e+02
   5.0199914e+02
   5.0200009e+02
   5.0300241e+02
   5.0199819e+02
   5.0300074e+02
   5.0199938e+02
   5.0300288e+02
   5.0099707e+02
   5.0300193e+02
   5.0200033e+02
   5.0300074e+02
   5.0199771e+02
   5.0300193e+02
   5.0200033e+02
   5.0302267e+02
   5.0197625e+02
   5.0300097e+02
   5.0200009e+02
   5.0300074e+02
   5.0099874e+02
   5.0300145e+02
   5.0199962e+02
   5.0300050e+02
   5.0199819e+02
   5.0300097e+02
   5.0200105e+02
   5.0200033e+02
   5.0299811e+02
