   1.6650000e+03
   1.6700001e+03
   1.7240000e+03
   1.6880000e+03
   1.6920002e+03
   1.7529998e+03
   1.7080002e+03
   1.6999998e+03
   1.6870000e+03
   1.7040000e+03
   1.6730001e+03
   1.5130000e+03
   1.5079999e+03
   1.5010002e+03
   1.5449998e+03
   1.7080002e+03
   1.5070000e+03
   1.5100000e+03
   1.7349999e+03
   1.6949999e+03
   1.5090001e+03
   1.6840000e+03
   1.6990001e+03
   1.6650000e+03
   1.7129998e+03
   1.6970000e+03
   1.7050002e+03
   1.7619998e+03
   1.5150001e+03
   1.5400000e+03
   1.5060000e+03
   1.5179999e+03
   1.5210001e+03
   1.7140000e+03
   1.5130000e+03
   1.6829998e+03
   1.7790000e+03
   1.7079999e+03
   1.7310002e+03
   1.7110000e+03
   1.7019999e+03
   1.6840000e+03
   1.7430000e+03
   1.7030001e+03
   1.7029998e+03
   1.5110002e+03
   1.5200000e+03
   1.5179999e+03
   1.6960001e+03
   1.7089999e+03
   1.7000000e+03
   1.7740002e+03
   1.7140000e+03
   1.5439999e+03
   1.6970000e+03
   1.7210000e+03
   1.6919999e+03
   1.7090001e+03
   1.7049999e+03
   1.6940000e+03
   1.5400000e+03
   1.5090001e+03
   1.6840000e+03
   1.7030001e+03
   1.7479999e+03
   1.6980000e+03
   1.7060001e+03
   1.6949999e+03
   1.6880000e+03
   1.6870000e+03
   1.5130000e+03
   1.5080001e+03
   1.5139999e+03
   1.7679999e+03
   1.6970000e+03
   1.6880000e+03
   1.5090001e+03
   1.6880000e+03
   1.5100000e+03
   1.5420001e+03
   1.5100000e+03
   1.5139999e+03
   1.5070002e+03
   1.5139999e+03
   1.5190001e+03
   1.5030000e+03
   1.5000000e+03
   1.4989998e+03
   1.5450001e+03
   1.5079999e+03
   1.5030000e+03
   1.6170001e+03
   1.7149999e+03
   1.6920002e+03
   1.6959999e+03
   1.6910000e+03
   1.5190001e+03
   1.6640000e+03
   1.7010000e+03
   1.7100000e+03
   1.7049999e+03
   1.6400001e+03
   1.6980000e+03
   1.7000000e+03
   1.5039999e+03
   1.5149999e+03
   1.6760001e+03
   1.6700001e+03
   1.6919999e+03
   1.7070000e+03
   1.7709999e+03
   1.6940000e+03
   1.6890001e+03
   1.6659999e+03
   1.6810000e+03
   1.6990001e+03
   1.6970000e+03
   1.5389998e+03
   1.5040002e+03
   1.6829998e+03
   1.5060000e+03
   1.5180001e+03
   1.5259998e+03
   1.5010002e+03
   1.5060000e+03
   1.5039999e+03
   1.5369999e+03
   1.5039999e+03
   1.6970000e+03
   1.7010000e+03
   1.6240001e+03
   1.7019999e+03
   1.5060000e+03
   1.5039999e+03
   1.6280000e+03
   1.6660001e+03
   1.7110000e+03
   1.7000000e+03
   1.7049999e+03
   1.7670000e+03
   1.6970000e+03
   1.6990001e+03
   1.6940000e+03
   1.7110000e+03
   1.5899999e+03
   1.7079999e+03
   1.6950002e+03
   1.5009999e+03
   1.5550001e+03
   1.6959999e+03
   1.7030001e+03
   1.5290000e+03
   1.7000000e+03
   1.7079999e+03
   1.5039999e+03
   1.5330000e+03
   1.7100000e+03
   1.5090001e+03
   1.5000000e+03
   1.7099998e+03
   1.5090001e+03
   1.5020001e+03
   1.5009999e+03
   1.4950001e+03
   1.5389998e+03
   1.5050001e+03
   1.4960001e+03
   1.5019999e+03
   1.7410002e+03
   1.7010000e+03
   1.5079999e+03
   1.5030000e+03
   1.5090001e+03
   1.6569998e+03
   1.7050002e+03
   1.6919999e+03
   1.6990001e+03
   1.7609999e+03
   1.5050001e+03
   1.7140000e+03
   1.5070000e+03
   1.7140000e+03
   1.6870000e+03
   1.5089998e+03
   1.4980001e+03
   1.5000000e+03
   1.7549999e+03
   1.5090001e+03
   1.5039999e+03
   1.7230000e+03
   1.7100000e+03
   1.5120001e+03
   1.5009999e+03
   1.5320001e+03
   1.6959999e+03
   1.6940000e+03
   1.5120001e+03
   1.5539999e+03
   1.5569999e+03
   1.5040002e+03
   1.6829998e+03
   1.5200000e+03
   1.5430000e+03
   1.7110002e+03
   1.6959999e+03
   1.5160000e+03
   1.7320001e+03
   1.5109999e+03
   1.5200000e+03
   1.5730000e+03
   1.6970000e+03
   1.6670001e+03
   1.5220001e+03
   1.6780000e+03
   1.5000000e+03
   1.5439999e+03
   1.5390000e+03
   1.7119999e+03
   1.7020001e+03
   1.6949999e+03
   1.6200001e+03
   1.6619999e+03
   1.5130000e+03
   1.5070000e+03
   1.5339999e+03
   1.7060001e+03
   1.6280000e+03
   1.7639999e+03
   1.8310001e+03
   1.5170000e+03
   1.4979999e+03
   1.6600001e+03
   1.5939999e+03
   1.5090001e+03
   1.7030001e+03
   1.7010000e+03
   1.5209999e+03
   1.5830002e+03
   1.5960000e+03
   1.4989998e+03
   1.5820000e+03
   1.7070000e+03
   1.5160000e+03
   1.5170000e+03
   1.6820002e+03
   1.5089998e+03
   1.6110001e+03
   1.5120001e+03
   1.6770000e+03
   1.6699998e+03
   1.7140000e+03
   1.7010000e+03
   1.7060001e+03
   1.6359999e+03
   1.7080002e+03
   1.7149999e+03
   1.5109999e+03
   1.6260002e+03
   1.5619998e+03
   1.5090001e+03
   1.5160000e+03
   1.6270001e+03
   1.5369999e+03
   1.6880000e+03
   1.6890001e+03
   1.5359998e+03
   1.7040002e+03
   1.6919999e+03
   1.5890000e+03
   1.7500000e+03
   1.5070000e+03
   1.5030000e+03
   1.5000000e+03
   1.5100000e+03
   1.5139999e+03
   1.5039999e+03
   1.6800001e+03
   1.6320000e+03
   1.5590000e+03
   1.5100000e+03
   1.5030000e+03
   1.6159999e+03
   1.5290000e+03
   1.7040000e+03
   1.6890001e+03
   1.5049999e+03
   1.5050001e+03
   1.5070000e+03
   1.5070000e+03
   1.5080001e+03
   1.6379998e+03
   1.5480001e+03
   1.7079999e+03
   1.5910001e+03
   1.6940000e+03
   1.5309999e+03
   1.5360000e+03
   1.6080000e+03
   1.5100000e+03
   1.5009999e+03
   1.5810001e+03
   1.5080001e+03
   1.5049999e+03
   1.5090001e+03
   1.5490000e+03
   1.5109999e+03
   1.5090001e+03
   1.5130000e+03
   1.5339999e+03
   1.5090001e+03
   1.6970000e+03
   1.6899998e+03
   1.7150002e+03
   1.5160000e+03
   1.7059999e+03
   1.5080001e+03
   1.5160000e+03
   1.5489998e+03
   1.5050001e+03
   1.5079999e+03
   1.5030000e+03
   1.5270002e+03
   1.5089998e+03
   1.6520000e+03
   1.5480001e+03
   1.5130000e+03
   1.6640000e+03
   1.6190000e+03
   1.5360000e+03
   1.6170001e+03
   1.5430000e+03
   1.5950000e+03
   1.6959999e+03
   1.7020001e+03
   1.6009998e+03
   1.5160000e+03
   1.5060000e+03
   1.5139999e+03
   1.6849999e+03
   1.5500002e+03
   1.6179998e+03
   1.6210001e+03
   1.6960001e+03
   1.6399999e+03
   1.5060000e+03
   1.6930001e+03
   1.5339999e+03
   1.7160001e+03
   1.7060001e+03
   1.5179999e+03
   1.6630001e+03
   1.7089999e+03
   1.6970000e+03
   1.7010000e+03
   1.7000000e+03
   1.5490000e+03
   1.6859999e+03
   1.6950002e+03
   1.6729999e+03
   1.5510001e+03
   1.5109999e+03
   1.6860001e+03
   1.7070000e+03
   1.6159999e+03
   1.6680000e+03
   1.7100000e+03
   1.5419998e+03
   1.7140002e+03
   1.6699998e+03
   1.6480000e+03
   1.7060001e+03
   1.6889999e+03
   1.7580001e+03
   1.5079999e+03
   1.7279999e+03
   1.6950002e+03
   1.6729999e+03
   1.5280001e+03
   1.5090001e+03
   1.5130000e+03
   1.5129998e+03
   1.5540001e+03
   1.5420001e+03
   1.7010000e+03
   1.5249999e+03
   1.5000000e+03
   1.5000000e+03
   1.7610002e+03
   1.7179999e+03
   1.7089999e+03
   1.6990001e+03
   1.7070000e+03
   1.6740000e+03
   1.5109999e+03
   1.5020001e+03
   1.5039999e+03
   1.5960000e+03
   1.7350001e+03
   1.7140000e+03
   1.7040000e+03
   1.5279999e+03
   1.6880000e+03
   1.7060001e+03
   1.7079999e+03
   1.6300001e+03
   1.6580000e+03
   1.7000000e+03
   1.6999998e+03
   1.7060001e+03
   1.7530000e+03
   1.5030000e+03
   1.5030000e+03
   1.6970000e+03
   1.7059999e+03
   1.5139999e+03
   1.7060001e+03
   1.5070000e+03
   1.5810001e+03
   1.7679999e+03
   1.6980002e+03
   1.7889998e+03
   1.5160000e+03
   1.5190001e+03
   1.5109999e+03
   1.5510001e+03
   1.5030000e+03
   1.7119999e+03
   1.6970000e+03
   1.7200000e+03
   1.6840000e+03
   1.5130000e+03
   1.6580000e+03
   1.6610000e+03
   1.7140000e+03
   1.7210000e+03
   1.6140001e+03
   1.7089999e+03
   1.5380001e+03
   1.7059999e+03
   1.5520000e+03
   1.5950000e+03
   1.5139999e+03
   1.6230001e+03
   1.7059999e+03
   1.5150001e+03
   1.5050001e+03
   1.6849999e+03
   1.5400000e+03
   1.7119999e+03
   1.6860001e+03
   1.6229999e+03
   1.5150001e+03
   1.6700001e+03
   1.5109999e+03
   1.7030001e+03
   1.5449998e+03
   1.7050002e+03
   1.5149999e+03
   1.6890001e+03
   1.5820000e+03
   1.6239998e+03
   1.6630001e+03
   1.7449999e+03
   1.5100000e+03
   1.5140002e+03
   1.5649998e+03
   1.7070000e+03
   1.6890001e+03
   1.6870000e+03
   1.5109999e+03
   1.6229999e+03
   1.7750001e+03
   1.5160000e+03
   1.5089998e+03
   1.5020001e+03
   1.6880000e+03
   1.5120001e+03
   1.5350001e+03
   1.5939999e+03
   1.6210001e+03
   1.6710000e+03
   1.7019999e+03
   1.7040000e+03
   1.5620000e+03
   1.5740001e+03
   1.5109999e+03
   1.5090001e+03
   1.6489999e+03
   1.5209999e+03
   1.6670001e+03
   1.5130000e+03
   1.5180001e+03
   1.6489999e+03
   1.5760000e+03
   1.5139999e+03
   1.6930001e+03
   1.5660000e+03
   1.7119999e+03
   1.5110002e+03
   1.5019999e+03
   1.5360000e+03
   1.5090001e+03
   1.7190001e+03
   1.5929999e+03
   1.5179999e+03
   1.5120001e+03
   1.4979999e+03
   1.5030000e+03
   1.4980001e+03
   1.5360000e+03
   1.7010000e+03
   1.5039999e+03
   1.6800001e+03
   1.5260000e+03
   1.5170000e+03
   1.5279999e+03
   1.5020001e+03
   1.6759999e+03
   1.6630001e+03
   1.5009999e+03
   1.5820000e+03
   1.4980001e+03
   1.5389998e+03
   1.5040002e+03
   1.5049999e+03
   1.5080001e+03
   1.5170000e+03
   1.5200000e+03
   1.5019999e+03
   1.5110002e+03
   1.4960001e+03
   1.5430000e+03
   1.5079999e+03
   1.5030000e+03
   1.6029999e+03
   1.7530000e+03
   1.7020001e+03
   1.7040000e+03
   1.6919999e+03
   1.7520001e+03
   1.7079999e+03
   1.6640000e+03
   1.6259999e+03
   1.7130001e+03
   1.5920000e+03
   1.5009999e+03
   1.5009999e+03
   1.6100001e+03
   1.7570000e+03
   1.6970000e+03
   1.6949999e+03
   1.5009999e+03
   1.7190001e+03
   1.6900001e+03
   1.6899998e+03
   1.6800001e+03
   1.6910000e+03
   1.6600001e+03
   1.6930001e+03
   1.5779998e+03
   1.5410001e+03
   1.5319998e+03
   1.5070002e+03
   1.5519998e+03
   1.6950002e+03
   1.6629999e+03
   1.5160000e+03
   1.6800001e+03
   1.5599999e+03
   1.4990001e+03
   1.5430000e+03
   1.5009999e+03
   1.5039999e+03
   1.5370002e+03
   1.5039999e+03
   1.5230000e+03
   1.5030000e+03
   1.5270000e+03
   1.5550001e+03
   1.5049999e+03
   1.5000000e+03
   1.5139999e+03
   1.6770000e+03
   1.5580001e+03
   1.5739999e+03
   1.6770000e+03
   1.5550001e+03
   1.7019999e+03
   1.5760000e+03
   1.6900001e+03
   1.6710000e+03
   1.5060000e+03
   1.4990001e+03
   1.5979998e+03
   1.5140002e+03
   1.6020000e+03
   1.5019999e+03
   1.7070000e+03
   1.4980001e+03
   1.5360000e+03
   1.5149999e+03
   1.4970000e+03
   1.6870000e+03
   1.7030001e+03
   1.6759999e+03
   1.7050002e+03
   1.5049999e+03
   1.5050001e+03
   1.7660000e+03
   1.7110000e+03
   1.5100000e+03
   1.4989998e+03
   1.5310001e+03
   1.5170000e+03
   1.6930001e+03
   1.5070000e+03
   1.5390000e+03
   1.5070000e+03
   1.5060000e+03
   1.5049999e+03
   1.5100000e+03
   1.5680001e+03
   1.7079999e+03
   1.6780000e+03
   1.5039999e+03
   1.7230000e+03
   1.7130001e+03
   1.5690000e+03
   1.5139999e+03
   1.5290000e+03
   1.6830001e+03
   1.6989999e+03
   1.6819999e+03
   1.5610001e+03
   1.5239999e+03
   1.7140000e+03
   1.5550001e+03
   1.6949999e+03
   1.5500002e+03
   1.5139999e+03
   1.7079999e+03
   1.5090001e+03
   1.5239999e+03
   1.5330000e+03
   1.6750000e+03
   1.5080001e+03
   1.5690000e+03
   1.5460000e+03
   1.5799999e+03
   1.5070000e+03
   1.5020001e+03
   1.6819999e+03
   1.5090001e+03
   1.5079999e+03
   1.5010002e+03
   1.5409999e+03
   1.7149999e+03
   1.6550002e+03
   1.6869998e+03
   1.7050002e+03
   1.5160000e+03
   1.6819999e+03
   1.5109999e+03
   1.5050001e+03
   1.7449999e+03
   1.7120001e+03
   1.6899998e+03
   1.7080002e+03
   1.6729999e+03
   1.6140001e+03
   1.5239999e+03
   1.5190001e+03
   1.7100000e+03
   1.6670001e+03
   1.6969998e+03
   1.5270002e+03
   1.7040000e+03
   1.5769999e+03
   1.5060000e+03
   1.6759999e+03
   1.7090001e+03
   1.5290000e+03
   1.5309999e+03
   1.6690001e+03
   1.5439999e+03
   1.7010000e+03
   1.7509999e+03
   1.7290001e+03
   1.8750000e+03
   1.6020000e+03
   1.7149999e+03
   1.5120001e+03
   1.5409999e+03
   1.5110002e+03
   1.5090001e+03
   1.6120000e+03
   1.7129998e+03
   1.6770000e+03
   1.5660000e+03
   1.5390000e+03
   1.6259999e+03
   1.7240000e+03
   1.6860001e+03
   1.5350001e+03
   1.7279999e+03
   1.5500000e+03
   1.6120000e+03
   1.7050002e+03
   1.7140000e+03
   1.5209999e+03
   1.5390000e+03
   1.7179999e+03
   1.7120001e+03
   1.5219998e+03
   1.7340000e+03
   1.5110002e+03
   1.6929998e+03
   1.5750000e+03
   1.5800002e+03
   1.6989999e+03
   1.5090001e+03
   1.7000000e+03
   1.5149999e+03
   1.7100000e+03
   1.6900001e+03
   1.6139998e+03
   1.6900001e+03
   1.7120001e+03
   1.6919999e+03
   1.5060000e+03
   1.5869999e+03
   1.5070000e+03
   1.5060000e+03
   1.4990001e+03
   1.5130000e+03
   1.5119998e+03
   1.6460001e+03
   1.6940000e+03
   1.6090000e+03
   1.6800001e+03
   1.7070000e+03
   1.7070000e+03
   1.5019999e+03
   1.5330000e+03
   1.5080001e+03
   1.5630000e+03
   1.6120000e+03
   1.6129999e+03
   1.6560001e+03
   1.7110000e+03
   1.6959999e+03
   1.6930001e+03
   1.7379999e+03
   1.7100000e+03
   1.7020001e+03
   1.7059999e+03
   1.6090000e+03
   1.6430001e+03
   1.7030001e+03
   1.5990000e+03
   1.5469999e+03
   1.7620001e+03
   1.5049999e+03
   1.5079999e+03
   1.6340001e+03
   1.6400001e+03
   1.5560000e+03
   1.6970000e+03
   1.7630000e+03
   1.6999998e+03
   1.7360001e+03
   1.7100000e+03
   1.6190000e+03
   1.6020000e+03
   1.6740000e+03
   1.5300000e+03
   1.5050001e+03
   1.6299999e+03
   1.5080001e+03
   1.7010000e+03
   1.5170000e+03
   1.5260000e+03
   1.6800001e+03
   1.5119998e+03
   1.5130000e+03
   1.5120001e+03
   1.6169999e+03
   1.5400002e+03
   1.5089998e+03
   1.5070000e+03
   1.5310001e+03
   1.6919999e+03
   1.5210001e+03
   1.5070000e+03
   1.5160000e+03
   1.6580000e+03
   1.5409999e+03
   1.6389999e+03
   1.5290000e+03
   1.6410000e+03
   1.5130000e+03
   1.5100000e+03
   1.7110000e+03
   1.6340001e+03
   1.5100000e+03
   1.7110000e+03
   1.7479999e+03
   1.5110002e+03
   1.7160001e+03
   1.6949999e+03
   1.5330000e+03
   1.6190000e+03
   1.5120001e+03
   1.5100000e+03
   1.5100000e+03
   1.5460000e+03
   1.6459999e+03
   1.7130001e+03
   1.7149999e+03
   1.7300000e+03
   1.7090001e+03
   1.6940000e+03
   1.7059999e+03
   1.7000000e+03
   1.5190001e+03
   1.5130000e+03
   1.5109999e+03
   1.6129999e+03
   1.7540002e+03
   1.5170000e+03
   1.5439999e+03
   1.5900002e+03
   1.5200000e+03
   1.5170000e+03
   1.5090001e+03
   1.5749998e+03
   1.5990000e+03
   1.5540001e+03
   1.5379999e+03
   1.5670002e+03
   1.7019999e+03
   1.6090000e+03
   1.6920002e+03
   1.7129998e+03
   1.6410000e+03
   1.6360002e+03
   1.5509999e+03
   1.5060000e+03
   1.5179999e+03
   1.5180001e+03
   1.5130000e+03
   1.5079999e+03
   1.5040002e+03
   1.5829999e+03
   1.5090001e+03
   1.5070000e+03
   1.5059998e+03
   1.6760001e+03
   1.5860000e+03
   1.5490000e+03
   1.5050001e+03
   1.5119998e+03
   1.5190001e+03
   1.5699999e+03
   1.5130000e+03
   1.7040000e+03
   1.7580001e+03
   1.7159998e+03
   1.7140000e+03
   1.5080001e+03
   1.7059999e+03
   1.6780002e+03
   1.6959999e+03
   1.6980000e+03
   1.7110000e+03
   1.7040000e+03
   1.6390002e+03
   1.5089998e+03
   1.6590002e+03
   1.7170000e+03
   1.5109999e+03
   1.5080001e+03
   1.6689999e+03
   1.5190001e+03
   1.7070000e+03
   1.6949999e+03
   1.7119999e+03
   1.6760001e+03
   1.7140000e+03
   1.6980000e+03
   1.6990001e+03
   1.7630000e+03
   1.7119999e+03
   1.6880000e+03
   1.6949999e+03
   1.7280002e+03
   1.5960000e+03
   1.7040000e+03
   1.6870000e+03
   1.6989999e+03
   1.5210001e+03
   1.5130000e+03
   1.5769999e+03
   1.5020001e+03
   1.6810000e+03
   1.5530000e+03
   1.7179999e+03
   1.7110000e+03
   1.7680001e+03
   1.6799998e+03
   1.7090001e+03
   1.5869999e+03
   1.6940000e+03
   1.5470002e+03
   1.7099998e+03
   1.6520002e+03
   1.5160000e+03
   1.7960000e+03
   1.7110000e+03
   1.5409999e+03
   1.5139999e+03
   1.5120001e+03
   1.5060000e+03
   1.6880000e+03
   1.6840000e+03
   1.7010000e+03
   1.6840000e+03
   1.5109999e+03
   1.5440001e+03
   1.7070000e+03
   1.5130000e+03
   1.5059998e+03
   1.6160002e+03
   1.5130000e+03
   1.7119999e+03
   1.5080001e+03
   1.5100000e+03
   1.6699998e+03
   1.5090001e+03
   1.5039999e+03
   1.5060000e+03
   1.5339999e+03
   1.7170000e+03
   1.6970000e+03
   1.7020001e+03
   1.7029998e+03
   1.6850002e+03
   1.7119999e+03
   1.7090001e+03
   1.7110000e+03
   1.7760000e+03
   1.7029998e+03
   1.7050002e+03
   1.6789999e+03
   1.5130000e+03
   1.5660000e+03
   1.5079999e+03
   1.7500000e+03
   1.7020001e+03
   1.7140000e+03
   1.6989999e+03
   1.7070000e+03
   1.5190001e+03
   1.5060000e+03
   1.5139999e+03
   1.5050001e+03
   1.5530000e+03
   1.5279999e+03
   1.6980002e+03
   1.5059998e+03
   1.5380001e+03
   1.5130000e+03
   1.5060000e+03
   1.6840000e+03
   1.5189998e+03
   1.6660001e+03
   1.5100000e+03
   1.5060000e+03
   1.5079999e+03
   1.5390000e+03
   1.7119999e+03
   1.5150001e+03
   1.5209999e+03
   1.7720001e+03
   1.6960001e+03
   1.5149999e+03
   1.5430000e+03
   1.5160000e+03
   1.7660000e+03
   1.5209999e+03
   1.6980002e+03
   1.7879999e+03
   1.6670001e+03
   1.5660000e+03
   1.6420000e+03
   1.6750000e+03
   1.7070000e+03
   1.6660001e+03
   1.6129999e+03
