   3.9000034e+01
   4.6000004e+01
   2.7999878e+01
   2.7000189e+01
   2.1999836e+01
   2.1000147e+01
   2.1999836e+01
   2.2000074e+01
   2.2000074e+01
   2.0999908e+01
   2.1000147e+01
   2.4999857e+01
   2.1000147e+01
   2.6999950e+01
   2.0999908e+01
   2.5000095e+01
   2.3999929e+01
   2.3000002e+01
   2.2000074e+01
   2.9000044e+01
   2.7999878e+01
   2.3000002e+01
   2.2000074e+01
   2.0999908e+01
   2.6000023e+01
   2.0999908e+01
   2.7000189e+01
   2.0999908e+01
   2.5000095e+01
   2.0999908e+01
   2.6000023e+01
   2.2000074e+01
   2.3000002e+01
   2.1999836e+01
   2.6999950e+01
   2.2000074e+01
   3.2000065e+01
   2.6999950e+01
   4.3999910e+01
   2.7000189e+01
   2.7999878e+01
   2.6999950e+01
   3.6000013e+01
   2.5000095e+01
   3.0999899e+01
   2.2000074e+01
   2.3000002e+01
   2.3000002e+01
   2.0999908e+01
   3.0000210e+01
   3.7999868e+01
   3.0999899e+01
   1.8000126e+01
   2.2000074e+01
   1.7999887e+01
   1.8000126e+01
   2.3000002e+01
   1.8999815e+01
   1.8000126e+01
   2.6000023e+01
   1.9000053e+01
   1.7999887e+01
   2.3999929e+01
   1.8000126e+01
   1.7999887e+01
   2.5000095e+01
   2.3999929e+01
   3.6999941e+01
   3.2999992e+01
   2.5000095e+01
   2.3000002e+01
   2.0999908e+01
   2.2000074e+01
   2.0999908e+01
   2.1000147e+01
   2.0999908e+01
   2.8000116e+01
   2.0999908e+01
   2.5000095e+01
   2.0999908e+01
   2.5000095e+01
   2.0999908e+01
   2.8000116e+01
   2.0999908e+01
   2.6000023e+01
   3.0999899e+01
   2.1000147e+01
   2.0999908e+01
   2.0999908e+01
   2.1000147e+01
   3.4999847e+01
   2.7000189e+01
   3.1999826e+01
   2.9000044e+01
   4.2999983e+01
   2.7000189e+01
   2.6999950e+01
   2.6999950e+01
   3.7999868e+01
   2.7000189e+01
   4.4999838e+01
   3.2000065e+01
   2.9999971e+01
   2.6999950e+01
   2.1000147e+01
   2.6000023e+01
   2.1999836e+01
   2.6000023e+01
   2.2000074e+01
   2.3999929e+01
   2.2000074e+01
   3.0999899e+01
   3.0000210e+01
   2.1999836e+01
   2.2000074e+01
   2.3000002e+01
   2.2000074e+01
   2.1999836e+01
   2.6000023e+01
   2.2000074e+01
   2.3999929e+01
   2.2000074e+01
   2.7999878e+01
   2.9999971e+01
   3.0000210e+01
   2.0999908e+01
   3.0999899e+01
   2.7000189e+01
   2.6999950e+01
   2.6999950e+01
   3.9000034e+01
   2.0999908e+01
   2.4000168e+01
   1.9999981e+01
   2.6999950e+01
   1.9999981e+01
   2.6000023e+01
   2.0999908e+01
   2.6999950e+01
   2.0000219e+01
   2.5999784e+01
   1.9999981e+01
   2.7000189e+01
   2.0999908e+01
   2.6999950e+01
   1.9999981e+01
   2.4000168e+01
   1.9999981e+01
   1.9999981e+01
   2.9000044e+01
   3.6999941e+01
   2.6000023e+01
   2.3999929e+01
   1.9000053e+01
   1.7999887e+01
   2.6000023e+01
   1.8000126e+01
   2.4999857e+01
   1.9000053e+01
   1.9000053e+01
   2.3999929e+01
   1.8000126e+01
   1.7999887e+01
   2.3999929e+01
   1.9000053e+01
   1.8000126e+01
   2.3999929e+01
   2.3000002e+01
   1.7999887e+01
   1.9000053e+01
   2.5000095e+01
   1.7999887e+01
   2.6000023e+01
   1.8000126e+01
   2.4999857e+01
   3.2000065e+01
   2.6999950e+01
   2.6000023e+01
   2.6999950e+01
   3.9999962e+01
   2.1000147e+01
   2.3999929e+01
   1.9999981e+01
   2.9000044e+01
   1.9999981e+01
   2.6000023e+01
   1.9000053e+01
   2.7999878e+01
   1.9000053e+01
   2.6999950e+01
   1.9000053e+01
   1.9999981e+01
   2.6000023e+01
   2.6000023e+01
   2.2000074e+01
   2.1999836e+01
   3.9000034e+01
   2.6999950e+01
   2.7000189e+01
   2.6999950e+01
   5.9999943e+01
   2.9999971e+01
   2.1000147e+01
   2.0999908e+01
   1.9999981e+01
   1.9999981e+01
   2.3999929e+01
   1.9999981e+01
   2.1000147e+01
   2.9000044e+01
   2.4999857e+01
   1.9999981e+01
   1.9999981e+01
   2.7000189e+01
   2.6999950e+01
   2.0999908e+01
   2.6000023e+01
   1.9999981e+01
   2.9999971e+01
   2.1000147e+01
   2.3999929e+01
   1.9999981e+01
   2.6999950e+01
   1.9999981e+01
   2.6000023e+01
   1.8000126e+01
   1.9000053e+01
   2.4999857e+01
   1.8000126e+01
   2.4999857e+01
   1.8000126e+01
   1.7999887e+01
   2.5000095e+01
   1.7999887e+01
   1.8000126e+01
   2.3999929e+01
   1.9000053e+01
   1.7999887e+01
   2.5000095e+01
   1.7999887e+01
   1.9000053e+01
   2.5000095e+01
   1.7999887e+01
   2.6000023e+01
   1.9999981e+01
   2.3000002e+01
   1.9000053e+01
   2.5000095e+01
   1.7999887e+01
   2.5000095e+01
   2.6999950e+01
   3.0999899e+01
   1.9000053e+01
   3.0999899e+01
   2.7000189e+01
   2.6999950e+01
   2.7999878e+01
   3.8000107e+01
   2.3999929e+01
   2.2000074e+01
   2.2000074e+01
   2.3000002e+01
   2.1999836e+01
   2.6999950e+01
   2.1000147e+01
   2.4999857e+01
   2.1000147e+01
   2.6000023e+01
   2.1999836e+01
   2.5000095e+01
   2.0999908e+01
   2.6000023e+01
   2.2000074e+01
   2.5000095e+01
   2.1999836e+01
   2.5000095e+01
   2.0999908e+01
   2.6999950e+01
   2.2000074e+01
   2.6000023e+01
   2.9000044e+01
   2.2000074e+01
   2.4999857e+01
   2.2000074e+01
   3.0999899e+01
   2.6999950e+01
   2.7000189e+01
   2.6999950e+01
   3.9999962e+01
   2.6999950e+01
   2.6999950e+01
   2.7000189e+01
   3.9000034e+01
   2.7999878e+01
   3.0999899e+01
   4.0000200e+01
   2.6999950e+01
   2.6000023e+01
   2.6999950e+01
   3.3999920e+01
   3.5000086e+01
   3.3999920e+01
   1.9999981e+01
   2.6000023e+01
   1.8000126e+01
   2.4999857e+01
   1.8000126e+01
   1.9000053e+01
   2.3999929e+01
   1.7999887e+01
   1.9000053e+01
   2.5000095e+01
   1.7999887e+01
   1.9000053e+01
   2.5000095e+01
   1.7999887e+01
   1.9000053e+01
   2.4999857e+01
   1.9000053e+01
   2.6000023e+01
   2.5000095e+01
   1.8999815e+01
   1.9000053e+01
   2.4000168e+01
   1.8999815e+01
   2.6000023e+01
   1.9000053e+01
   2.6000023e+01
   1.9000053e+01
   1.8999815e+01
   2.5000095e+01
   1.9000053e+01
   1.9000053e+01
   2.4999857e+01
   1.8000126e+01
   6.9000006e+01
   1.7999887e+01
   2.3000002e+01
   1.9000053e+01
   1.7999887e+01
   2.5000095e+01
   1.7999887e+01
   2.5000095e+01
   1.9000053e+01
   1.9999981e+01
   2.3999929e+01
   1.8000126e+01
   1.8999815e+01
   2.5000095e+01
   1.8000126e+01
   2.6999950e+01
   2.7999878e+01
   2.5000095e+01
   1.7999887e+01
   2.5000095e+01
   1.7999887e+01
   2.4000168e+01
   2.3000002e+01
   1.8999815e+01
   2.4000168e+01
   1.9000053e+01
   1.7999887e+01
   2.3000002e+01
   1.9000053e+01
   2.4999857e+01
   2.2000074e+01
   3.6000013e+01
   2.6999950e+01
   2.6999950e+01
   3.9000034e+01
   2.6999950e+01
   2.8000116e+01
   3.3999920e+01
   2.4000168e+01
   2.0999908e+01
   2.5000095e+01
   2.0999908e+01
   2.6000023e+01
   2.0999908e+01
   2.6000023e+01
   2.1000147e+01
   2.4999857e+01
   2.1000147e+01
   2.6999950e+01
   2.0999908e+01
   3.2000065e+01
   2.6999950e+01
   2.6999950e+01
   2.6999950e+01
   3.9000034e+01
   2.7000189e+01
   2.6999950e+01
   2.6999950e+01
   3.9999962e+01
   3.1000137e+01
   2.6999950e+01
   2.6999950e+01
   3.9999962e+01
   2.6999950e+01
   2.7000189e+01
   5.1999807e+01
   3.4000158e+01
   2.3000002e+01
   2.9999971e+01
   2.9000044e+01
   2.0999908e+01
   2.3999929e+01
   2.1000147e+01
   2.6000023e+01
   2.1999836e+01
   2.6000023e+01
   1.9999981e+01
   2.6999950e+01
   1.8000126e+01
   1.9000053e+01
   2.4999857e+01
   1.9000053e+01
   2.6000023e+01
   1.7999887e+01
   2.5000095e+01
   1.8000126e+01
   1.7999887e+01
   2.5000095e+01
   1.8999815e+01
   1.8000126e+01
   2.3000002e+01
   1.9000053e+01
   2.4999857e+01
   1.8000126e+01
   2.3999929e+01
   1.7999887e+01
   2.5000095e+01
   1.9000053e+01
   2.3999929e+01
   1.9000053e+01
   2.6000023e+01
   2.3999929e+01
   1.9000053e+01
   1.7999887e+01
   2.5000095e+01
   1.7999887e+01
   2.5000095e+01
   1.7999887e+01
   1.9000053e+01
   2.6999950e+01
   1.8000126e+01
   1.9000053e+01
   2.4999857e+01
   1.9000053e+01
   2.5000095e+01
   2.6000023e+01
   2.8999805e+01
   1.9999981e+01
   2.4000168e+01
   1.7999887e+01
   2.5000095e+01
   1.7999887e+01
   1.9000053e+01
   2.5000095e+01
   2.6000023e+01
   3.7999868e+01
   2.6999950e+01
   4.0000200e+01
   2.6999950e+01
   2.6999950e+01
   3.9000034e+01
   2.6999950e+01
   2.6999950e+01
   4.2000055e+01
   2.6999950e+01
   2.3999929e+01
   6.5000057e+01
   2.4000168e+01
   2.0999908e+01
   2.6000023e+01
   2.0999908e+01
   2.4000168e+01
   2.0999908e+01
   2.6999950e+01
   2.2000074e+01
   2.6999950e+01
   2.2000074e+01
   3.0999899e+01
   2.6999950e+01
   3.9999962e+01
   2.7000189e+01
   2.6999950e+01
   3.9000034e+01
   2.6999950e+01
   2.9999971e+01
   2.6999950e+01
   2.7000189e+01
   2.1999836e+01
   3.2000065e+01
   2.7999878e+01
   2.2000074e+01
   3.6000013e+01
   1.9999981e+01
   2.2000074e+01
   1.9000053e+01
   2.3000002e+01
   1.9999981e+01
   5.0999880e+01
   1.9999981e+01
   2.6999950e+01
   2.0000219e+01
   1.7999887e+01
   2.6999950e+01
   1.8000126e+01
   2.9000044e+01
   1.9999981e+01
   2.4999857e+01
   1.8000126e+01
   1.8999815e+01
   2.4000168e+01
   8.2999945e+01
   1.7999887e+01
   2.5000095e+01
   1.9000053e+01
   1.7999887e+01
   2.5000095e+01
   1.7999887e+01
   2.5000095e+01
   1.9000053e+01
   1.7999887e+01
   1.9000053e+01
   1.7999887e+01
   2.6000023e+01
   1.9999981e+01
   2.6000023e+01
   1.9999981e+01
   2.6000023e+01
   1.9000053e+01
   2.6000023e+01
   1.9999981e+01
   2.6000023e+01
   1.9000053e+01
   2.6999950e+01
   1.9000053e+01
   1.9000053e+01
   2.6999950e+01
   1.9000053e+01
   2.6999950e+01
   1.9999981e+01
   2.6999950e+01
   2.0999908e+01
   2.1000147e+01
   2.6999950e+01
   1.9999981e+01
   2.5000095e+01
   1.9999981e+01
   2.6000023e+01
   1.9999981e+01
   2.6999950e+01
   1.9999981e+01
   2.6999950e+01
   1.9999981e+01
   2.7000189e+01
   1.9999981e+01
   4.0999889e+01
   2.6999950e+01
   2.6999950e+01
   2.3000002e+01
   1.9000053e+01
   1.8000126e+01
   2.4999857e+01
   1.9000053e+01
   1.9000053e+01
   2.4999857e+01
   1.9000053e+01
   2.5000095e+01
   1.7999887e+01
   1.9000053e+01
   2.3999929e+01
   1.9000053e+01
   1.8000126e+01
   2.3999929e+01
   1.7999887e+01
   1.9000053e+01
   2.5000095e+01
   2.4999857e+01
   3.9000034e+01
   2.6999950e+01
   3.9000034e+01
   2.7000189e+01
   3.2999992e+01
   2.6999950e+01
   3.9000034e+01
   2.6999950e+01
   3.0999899e+01
   2.6000023e+01
   2.6999950e+01
   2.7000189e+01
   3.8999796e+01
   2.7000189e+01
   2.6999950e+01
   2.6999950e+01
   3.8000107e+01
   2.7999878e+01
   2.6999950e+01
   3.9000034e+01
   2.8000116e+01
   2.9999971e+01
   2.3999929e+01
   2.2000074e+01
   2.0999908e+01
   2.3000002e+01
   2.1000147e+01
   2.4999857e+01
   3.6000013e+01
   3.2999992e+01
   1.9000053e+01
   1.7999887e+01
   1.8000126e+01
   2.6000023e+01
   1.9000053e+01
   2.3999929e+01
   1.9999981e+01
   1.7999887e+01
   1.9000053e+01
   1.8000126e+01
   2.4999857e+01
   1.9000053e+01
   2.5000095e+01
   1.7999887e+01
   2.5000095e+01
   1.7999887e+01
   2.5000095e+01
   2.6000023e+01
   1.7999887e+01
   1.9000053e+01
   2.3999929e+01
   1.8000126e+01
   2.6000023e+01
   1.8999815e+01
   1.8000126e+01
   2.3000002e+01
   1.7999887e+01
   1.8000126e+01
   2.3999929e+01
   3.2000065e+01
   2.6999950e+01
   2.6999950e+01
   2.6999950e+01
   3.9000034e+01
   2.6999950e+01
   2.7000189e+01
   2.1999836e+01
   2.2000074e+01
   2.2000074e+01
   2.1999836e+01
   2.3000002e+01
   2.5000095e+01
   2.3999929e+01
   2.2000074e+01
   2.0999908e+01
   2.6000023e+01
   2.2000074e+01
   2.3999929e+01
   3.6000013e+01
   3.1000137e+01
   1.8999815e+01
   1.9999981e+01
   1.9000053e+01
   1.8000126e+01
   2.4999857e+01
   1.9000053e+01
   2.6000023e+01
   1.7999887e+01
   1.9000053e+01
   2.3000002e+01
   1.9000053e+01
   1.8000126e+01
   2.4999857e+01
   1.8000126e+01
   1.7999887e+01
   2.6000023e+01
   1.7999887e+01
   1.8000126e+01
   2.4999857e+01
   2.5000095e+01
   3.8000107e+01
   2.6999950e+01
   3.7999868e+01
   2.2000074e+01
   2.9000044e+01
   2.0999908e+01
   4.9000025e+01
   1.9000053e+01
   3.2999992e+01
   1.9999981e+01
   1.8000126e+01
   1.8999815e+01
   2.5000095e+01
   1.7999887e+01
   2.8000116e+01
   1.9000053e+01
   1.8999815e+01
   2.4000168e+01
   1.7999887e+01
   2.8000116e+01
   1.7999887e+01
   1.8000126e+01
   2.3999929e+01
   1.7999887e+01
   1.8000126e+01
   1.9000053e+01
   1.8999815e+01
   2.4000168e+01
   1.7999887e+01
   2.5000095e+01
   1.9000053e+01
   1.7999887e+01
   2.3999929e+01
   1.9000053e+01
   1.8000126e+01
   2.6000023e+01
   1.7999887e+01
   1.7999887e+01
   2.4000168e+01
   2.3000002e+01
   1.9000053e+01
   1.7999887e+01
   2.5000095e+01
   1.8999815e+01
   2.4000168e+01
   1.8999815e+01
   2.3000002e+01
   2.5000095e+01
   1.9000053e+01
   1.7999887e+01
   2.5000095e+01
   1.9999981e+01
   2.5000095e+01
   1.8999815e+01
   3.2000065e+01
   2.6000023e+01
   2.6999950e+01
   2.6000023e+01
   2.5000095e+01
   2.6000023e+01
   3.7999868e+01
   2.6000023e+01
   2.9000044e+01
   2.6000023e+01
   5.0999880e+01
   3.4000158e+01
   1.8999815e+01
   2.1000147e+01
   1.9000053e+01
   1.8999815e+01
   2.7000189e+01
   1.8999815e+01
   2.7000189e+01
   1.9999981e+01
   2.6999950e+01
   1.9000053e+01
   2.7999878e+01
   1.9000053e+01
   2.6000023e+01
   1.9999981e+01
   2.6999950e+01
   1.9000053e+01
   2.6999950e+01
   1.9999981e+01
   2.6000023e+01
   1.9999981e+01
   2.6999950e+01
   1.9999981e+01
   2.7000189e+01
   1.9999981e+01
   2.6999950e+01
   1.9999981e+01
   2.6999950e+01
   1.9999981e+01
   2.6999950e+01
   2.1000147e+01
   2.6000023e+01
   1.9999981e+01
   2.7999878e+01
   1.9999981e+01
   2.8000116e+01
   1.9999981e+01
   2.8000116e+01
   1.9999981e+01
   2.7999878e+01
   1.9999981e+01
   2.6999950e+01
   2.1000147e+01
   2.9999971e+01
   2.3999929e+01
   1.9999981e+01
   2.7000189e+01
   1.9999981e+01
   3.4999847e+01
   4.9999952e+01
   3.6000013e+01
   1.8000126e+01
   1.7999887e+01
   2.6000023e+01
   1.8000126e+01
   2.3000002e+01
   1.8999815e+01
   1.9000053e+01
   2.6000023e+01
   1.8000126e+01
   1.7999887e+01
   2.3999929e+01
   1.9000053e+01
   1.8000126e+01
   2.6000023e+01
   1.7999887e+01
   1.7999887e+01
   2.4000168e+01
   2.4999857e+01
   3.8000107e+01
   2.6999950e+01
   3.9999962e+01
   2.7000189e+01
   3.3999920e+01
   2.2000074e+01
   2.1999836e+01
   2.2000074e+01
   2.0999908e+01
   2.2000074e+01
   2.3000002e+01
   2.2000074e+01
   2.4999857e+01
   2.2000074e+01
   2.5000095e+01
   2.0999908e+01
   2.6000023e+01
   2.2000074e+01
   2.1999836e+01
   3.1000137e+01
   2.1999836e+01
   2.9000044e+01
   2.2000074e+01
   3.2000065e+01
   3.0999899e+01
   3.9999962e+01
   2.6999950e+01
   2.7000189e+01
   2.6999950e+01
   3.9000034e+01
   4.7999859e+01
   3.1000137e+01
   2.6999950e+01
   1.9999981e+01
   1.9999981e+01
   2.9000044e+01
   1.9999981e+01
   2.9000044e+01
   2.9000044e+01
   1.8999815e+01
   2.5000095e+01
   1.9000053e+01
   1.7999887e+01
   2.3999929e+01
   1.8000126e+01
   1.7999887e+01
   2.4000168e+01
   1.8999815e+01
   1.8000126e+01
   2.3999929e+01
   1.9000053e+01
   1.7999887e+01
   3.8000107e+01
   1.9999981e+01
   1.9999981e+01
   1.9000053e+01
   1.7999887e+01
   3.6000013e+01
   2.6000023e+01
   6.5999985e+01
   3.6000013e+01
   1.9000053e+01
   1.9999981e+01
   1.9000053e+01
   2.5000095e+01
   1.9999981e+01
   2.3000002e+01
   1.8999815e+01
   1.8000126e+01
   3.4999847e+01
   2.2000074e+01
   1.8000126e+01
   1.8999815e+01
   2.5000095e+01
   1.8000126e+01
   2.4999857e+01
   1.8000126e+01
   1.8999815e+01
   2.5000095e+01
   1.9000053e+01
   1.9000053e+01
   2.5999784e+01
   1.9000053e+01
   2.6000023e+01
   1.9000053e+01
   2.4999857e+01
   2.6000023e+01
   1.9000053e+01
   1.9000053e+01
   2.3999929e+01
   1.9000053e+01
   2.6000023e+01
   1.9000053e+01
   2.4999857e+01
   1.9999981e+01
   1.9000053e+01
   2.5000095e+01
   1.9999981e+01
   2.6000023e+01
   1.9999981e+01
   1.9000053e+01
   2.5999784e+01
   2.1000147e+01
   2.6999950e+01
   1.9000053e+01
   2.7999878e+01
   1.9000053e+01
   2.6000023e+01
   1.9999981e+01
   2.6000023e+01
   1.9999981e+01
   1.9000053e+01
   2.7999878e+01
   1.9000053e+01
   3.9999962e+01
   2.6000023e+01
   2.6999950e+01
   1.8000126e+01
   2.3000002e+01
   1.7999887e+01
   2.5000095e+01
   1.9000053e+01
   1.9000053e+01
   1.7999887e+01
   1.9000053e+01
   2.4999857e+01
   1.8000126e+01
   2.4999857e+01
   1.8000126e+01
   1.9000053e+01
   2.4999857e+01
   1.8000126e+01
   2.4999857e+01
   2.5000095e+01
   3.5000086e+01
   3.3999920e+01
   2.6000023e+01
   2.3000002e+01
   1.9999981e+01
   1.9999981e+01
   1.9999981e+01
   2.5000095e+01
   1.9999981e+01
   2.6000023e+01
   1.9999981e+01
   2.9000044e+01
   1.9999981e+01
   2.4999857e+01
   1.9000053e+01
   1.7999887e+01
   2.5000095e+01
   1.9000053e+01
   2.4999857e+01
   1.8000126e+01
   2.5000095e+01
   1.7999887e+01
   1.9000053e+01
   1.9000053e+01
   1.9999981e+01
   2.4999857e+01
   1.8000126e+01
   2.4999857e+01
   1.8000126e+01
   2.3999929e+01
   5.2999973e+01
   4.1000128e+01
   2.0999908e+01
   1.8000126e+01
   1.8999815e+01
   2.4000168e+01
   1.8999815e+01
   1.8000126e+01
   2.3999929e+01
   1.9000053e+01
   1.7999887e+01
   2.5000095e+01
   1.9000053e+01
   1.7999887e+01
   2.6000023e+01
   1.8000126e+01
   1.7999887e+01
   2.9999971e+01
   2.6999950e+01
   2.7000189e+01
