   1.4819999e+03
   1.4550002e+03
   1.4359999e+03
   1.4560001e+03
   1.4849999e+03
   1.4670000e+03
   1.4370000e+03
   1.4380000e+03
   1.4570000e+03
   1.4250000e+03
   1.4650002e+03
   1.4340000e+03
   1.4689999e+03
   1.4930000e+03
   1.4440000e+03
   1.4530001e+03
   1.4389999e+03
   1.5110002e+03
   1.5200000e+03
   1.4449999e+03
   1.4540000e+03
   1.5320001e+03
   1.4540000e+03
   1.4659998e+03
   1.4400001e+03
   1.4570000e+03
   1.5060000e+03
   1.4540000e+03
   1.4340000e+03
   1.4480000e+03
   1.5230000e+03
   1.4570000e+03
   1.4640000e+03
   1.4430001e+03
   1.4749999e+03
   1.4770000e+03
   1.4390001e+03
   1.4819999e+03
   1.4800000e+03
   1.4700000e+03
   1.4400001e+03
   1.5349998e+03
   1.4440000e+03
   1.4880002e+03
   1.5019999e+03
   1.4600000e+03
   1.4790001e+03
   1.5030000e+03
   1.4879999e+03
   1.4480000e+03
   1.4360001e+03
   1.5170000e+03
   1.4990001e+03
   1.4729998e+03
   1.4400001e+03
   1.5009999e+03
   1.4920001e+03
   1.4909999e+03
   1.4650002e+03
   1.4210000e+03
   1.4719999e+03
   1.4349999e+03
   1.5030000e+03
   1.4220002e+03
   1.4919999e+03
   1.4530001e+03
   1.4940000e+03
   1.4340000e+03
   1.4579999e+03
   1.4340000e+03
   1.4340000e+03
   1.4380000e+03
   1.4300001e+03
   1.4660001e+03
   1.4549999e+03
   1.4489999e+03
   1.4390001e+03
   1.5000000e+03
   1.4330001e+03
   1.4359999e+03
   1.4579999e+03
   1.4350002e+03
   1.5049999e+03
   1.4280000e+03
   1.4430001e+03
   1.4610000e+03
   1.4890001e+03
   1.4740000e+03
   1.4919999e+03
   1.4520001e+03
   1.4559999e+03
   1.4690001e+03
   1.4589999e+03
   1.4600000e+03
   1.4210000e+03
   1.4580002e+03
   1.4410000e+03
   1.4659998e+03
   1.4540000e+03
   1.4420002e+03
   1.4380000e+03
   1.4359999e+03
   1.5070000e+03
   1.4330001e+03
   1.4380000e+03
   1.4740000e+03
   1.4680002e+03
   1.4710000e+03
   1.4449999e+03
   1.4490001e+03
   1.5079999e+03
   1.4340000e+03
   1.4690001e+03
   1.4369998e+03
   1.5130000e+03
   1.5000000e+03
   1.4420002e+03
   1.4570000e+03
   1.4449999e+03
   1.4770000e+03
   1.4849999e+03
   1.4570000e+03
   1.4340000e+03
   1.4380000e+03
   1.4950001e+03
   1.4619999e+03
   1.4430001e+03
   1.4589999e+03
   1.4630001e+03
   1.4650002e+03
   1.4510000e+03
   1.4470000e+03
   1.4629998e+03
   1.4710002e+03
   1.4740000e+03
   1.5219998e+03
   1.4550002e+03
   1.4740000e+03
   1.4359999e+03
   1.4590001e+03
   1.4449999e+03
   1.4879999e+03
   1.4810002e+03
   1.4889998e+03
   1.4930000e+03
   1.4550002e+03
   1.4870000e+03
   1.4640000e+03
   1.4749999e+03
   1.4630001e+03
   1.4700000e+03
   1.4399998e+03
   1.5110002e+03
   1.4649999e+03
   1.4560001e+03
   1.5139999e+03
   1.4740000e+03
   1.4760001e+03
   1.4700000e+03
   1.4310000e+03
   1.4480000e+03
   1.4649999e+03
   1.4530001e+03
   1.4500000e+03
   1.4589999e+03
   1.4340000e+03
   1.4700000e+03
   1.4430001e+03
   1.4529998e+03
   1.4420002e+03
   1.4960001e+03
   1.4840000e+03
   1.4349999e+03
   1.4590001e+03
   1.4329998e+03
   1.4540000e+03
   1.4240000e+03
   1.5000000e+03
   1.4530001e+03
   1.4919999e+03
   1.4910002e+03
   1.4829998e+03
   1.4640002e+03
   1.4669998e+03
   1.5200002e+03
   1.4480000e+03
   1.5160000e+03
   1.4540000e+03
   1.4579999e+03
   1.4749999e+03
   1.4730000e+03
   1.4840000e+03
   1.4570000e+03
   1.4360001e+03
   1.4540000e+03
   1.4289999e+03
   1.4390001e+03
   1.4740000e+03
   1.4370000e+03
   1.4809999e+03
   1.4649999e+03
   1.4700000e+03
   1.4400001e+03
   1.4619999e+03
   1.4600000e+03
   1.4419999e+03
   1.4640000e+03
   1.4580002e+03
   1.5060000e+03
   1.4329998e+03
   1.4370000e+03
   1.4590001e+03
   1.4659998e+03
   1.4290001e+03
   1.4449999e+03
   1.4670000e+03
   1.4909999e+03
   1.4440000e+03
   1.4909999e+03
   1.4760001e+03
   1.4380000e+03
   1.4820001e+03
   1.4329998e+03
   1.4530001e+03
   1.4510000e+03
   1.4330001e+03
   1.4329998e+03
   1.4710002e+03
   1.5009999e+03
   1.4500000e+03
   1.4689999e+03
   1.4410000e+03
   1.5050001e+03
   1.4270000e+03
   1.4410000e+03
   1.4410000e+03
   1.4549999e+03
   1.4360001e+03
   1.4359999e+03
   1.4730000e+03
   1.4289999e+03
   1.4770000e+03
   1.4630001e+03
   1.4290001e+03
   1.4559999e+03
   1.4760001e+03
   1.4640000e+03
   1.4270000e+03
   1.4659998e+03
   1.4340000e+03
   1.4630001e+03
   1.4360001e+03
   1.4540000e+03
   1.4500000e+03
   1.4459999e+03
   1.4520001e+03
   1.4469998e+03
   1.4570000e+03
   1.4780002e+03
   1.4489999e+03
   1.4400001e+03
   1.4610000e+03
   1.4319999e+03
   1.4380002e+03
   1.4749999e+03
   1.4510000e+03
   1.4610000e+03
   1.4260001e+03
   1.4159999e+03
   1.4560001e+03
   1.4759998e+03
   1.4550002e+03
   1.4570000e+03
   1.4730000e+03
   1.4510000e+03
   1.4499998e+03
   1.4400001e+03
   1.4270000e+03
   1.4510000e+03
   1.4260001e+03
   1.4310000e+03
   1.4349999e+03
   1.4510000e+03
   1.4840000e+03
   1.4440000e+03
   1.4470000e+03
   1.4370000e+03
   1.5019999e+03
   1.4380002e+03
   1.4369998e+03
   1.4830000e+03
   1.4440000e+03
   1.4830000e+03
   1.4610000e+03
   1.4570000e+03
   1.4870000e+03
   1.4670000e+03
   1.4500000e+03
   1.4419999e+03
   1.4200001e+03
   1.4170001e+03
   1.4470000e+03
   1.4039998e+03
   1.4500000e+03
   1.4830000e+03
   1.4290001e+03
   1.4199998e+03
   1.4710000e+03
   1.4580002e+03
   1.4389999e+03
   1.4319999e+03
   1.4330001e+03
   1.4700000e+03
   1.4349999e+03
   1.4520001e+03
   1.4399998e+03
   1.5160000e+03
   1.4330001e+03
   1.4600000e+03
   1.4740000e+03
   1.4500000e+03
   1.4329998e+03
   1.4370000e+03
   1.4500000e+03
   1.4689999e+03
   1.4590001e+03
   1.4349999e+03
   1.4440000e+03
   1.4349999e+03
   1.4590001e+03
   1.4240000e+03
   1.4610000e+03
   1.4289999e+03
   1.4520001e+03
   1.4630001e+03
   1.4540000e+03
   1.4349999e+03
   1.4389999e+03
   1.5110002e+03
   1.4779999e+03
   1.4500000e+03
   1.4080000e+03
   1.4559999e+03
   1.4350002e+03
   1.4349999e+03
   1.5119998e+03
   1.4460001e+03
   1.4570000e+03
   1.4530001e+03
   1.5339999e+03
   1.4470000e+03
   1.4330001e+03
   1.4459999e+03
   1.4449999e+03
   1.5220001e+03
   1.4590001e+03
   1.4559999e+03
   1.4410000e+03
   1.4630001e+03
   1.4809999e+03
   1.4510000e+03
   1.4410000e+03
   1.4850001e+03
   1.4610000e+03
   1.4460001e+03
   1.4280000e+03
   1.4489999e+03
   1.4870000e+03
   1.4340000e+03
   1.4390001e+03
   1.4559999e+03
   1.4960001e+03
   1.4470000e+03
   1.4150000e+03
   1.4620001e+03
   1.4480000e+03
   1.4670000e+03
   1.4489999e+03
   1.4310000e+03
   1.4490001e+03
   1.4589999e+03
   1.4520001e+03
   1.4270000e+03
   1.3999999e+03
   1.4349999e+03
   1.4710002e+03
   1.4549999e+03
   1.4749999e+03
   1.4110000e+03
   1.4760001e+03
   1.4319999e+03
   1.4560001e+03
   1.4589999e+03
   1.4550002e+03
   1.4830000e+03
   1.4480000e+03
   1.4849999e+03
   1.4670000e+03
   1.4880002e+03
   1.4579999e+03
   1.4970000e+03
   1.4380000e+03
   1.4900000e+03
   1.4389999e+03
   1.4570000e+03
   1.4400001e+03
   1.4549999e+03
   1.4360001e+03
   1.4289999e+03
   1.4750001e+03
   1.4419999e+03
   1.4660001e+03
   1.4710000e+03
   1.4749999e+03
   1.4480002e+03
   1.4329998e+03
   1.4460001e+03
   1.4800000e+03
   1.4759998e+03
   1.4670000e+03
   1.4130001e+03
   1.4570000e+03
   1.4800000e+03
   1.4530001e+03
   1.4459999e+03
   1.4590001e+03
   1.5049999e+03
   1.4650002e+03
   1.4710000e+03
   1.4900000e+03
   1.4349999e+03
   1.4419999e+03
   1.4650002e+03
   1.4599998e+03
   1.4620001e+03
   1.4660001e+03
   1.4549999e+03
   1.4679999e+03
   1.5110002e+03
   1.4399998e+03
   1.4480000e+03
   1.4730000e+03
   1.5100000e+03
   1.4690001e+03
   1.4510000e+03
   1.4419999e+03
   1.4560001e+03
   1.4489999e+03
   1.4390001e+03
   1.4489999e+03
   1.4500000e+03
   1.4740000e+03
   1.4820001e+03
   1.4570000e+03
   1.5100000e+03
   1.4689999e+03
   1.4480002e+03
   1.4469998e+03
   1.4390001e+03
   1.4400001e+03
   1.4719999e+03
   1.4330001e+03
   1.4389999e+03
   1.4770000e+03
   1.4710000e+03
   1.4510002e+03
   1.4640000e+03
   1.4979999e+03
   1.4719999e+03
   1.4350002e+03
   1.4679999e+03
   1.4920001e+03
   1.4440000e+03
   1.4389999e+03
   1.4349999e+03
   1.5220001e+03
   1.4630001e+03
   1.4600000e+03
   1.4589999e+03
   1.4410000e+03
   1.5520000e+03
   1.4240000e+03
   1.4459999e+03
   1.4630001e+03
   1.4700000e+03
   1.4730000e+03
   1.4389999e+03
   1.5100000e+03
   1.4540000e+03
   1.4540000e+03
   1.4390001e+03
   1.4900000e+03
   1.4700000e+03
   1.4989998e+03
   1.4630001e+03
   1.4640000e+03
   1.4319999e+03
   1.4570000e+03
   1.4460001e+03
   1.4360001e+03
   1.4369998e+03
   1.4440000e+03
   1.4920001e+03
   1.4679999e+03
   1.4480000e+03
   1.4300001e+03
   1.4840000e+03
   1.4480000e+03
   1.4290001e+03
   1.5079999e+03
   1.4630001e+03
   1.4260001e+03
   1.4589999e+03
   1.4600000e+03
   1.4330001e+03
   1.4410000e+03
   1.4459999e+03
   1.4760001e+03
   1.4400001e+03
   1.4370000e+03
   1.4389999e+03
   1.4360001e+03
   1.4849999e+03
   1.4800000e+03
   1.4380000e+03
   1.4370000e+03
   1.4870000e+03
   1.4359999e+03
   1.4760001e+03
   1.4670000e+03
   1.4920001e+03
   1.4419999e+03
   1.4440000e+03
   1.4560001e+03
   1.4679999e+03
   1.4979999e+03
   1.4390001e+03
   1.4319999e+03
   1.4380000e+03
   1.4550002e+03
   1.4380000e+03
   1.4349999e+03
   1.4380000e+03
   1.4590001e+03
   1.4740000e+03
   1.4860001e+03
   1.4589999e+03
   1.4380000e+03
   1.4600000e+03
   1.4360001e+03
   1.4740000e+03
   1.4729998e+03
   1.4520001e+03
   1.4280000e+03
   1.4360001e+03
   1.4779999e+03
   1.4540000e+03
   1.4649999e+03
   1.4840000e+03
   1.4730000e+03
   1.5220001e+03
   1.4189999e+03
   1.4540000e+03
   1.4450002e+03
   1.4840000e+03
   1.4809999e+03
   1.4879999e+03
   1.4579999e+03
   1.4570000e+03
   1.4270000e+03
   1.6389999e+03
   1.4530001e+03
   1.5009999e+03
   1.4340000e+03
   1.4750001e+03
   1.4700000e+03
   1.4319999e+03
   1.4849999e+03
   1.4420002e+03
   1.4619999e+03
   1.4340000e+03
   1.4679999e+03
   1.4770000e+03
   1.4780002e+03
   1.4470000e+03
   1.4529998e+03
   1.4800000e+03
   1.4290001e+03
   1.5190001e+03
   1.4469998e+03
   1.4500000e+03
   1.4390001e+03
   1.4729998e+03
   1.4530001e+03
   1.4560001e+03
   1.4870000e+03
   1.4340000e+03
   1.4670000e+03
   1.4629998e+03
   1.4360001e+03
   1.4660001e+03
   1.4809999e+03
   1.4560001e+03
   1.4879999e+03
   1.4700000e+03
   1.4210000e+03
   1.5420001e+03
   1.4599998e+03
   1.4580002e+03
   1.4380000e+03
   1.5030000e+03
   1.4510000e+03
   1.4370000e+03
   1.4470000e+03
   1.4789999e+03
   1.4679999e+03
   1.4770000e+03
   1.4890001e+03
   1.4419999e+03
   1.4650002e+03
   1.4649999e+03
   1.4700000e+03
   1.4500000e+03
   1.4840000e+03
   1.4730000e+03
   1.4280000e+03
   1.4370000e+03
   1.4359999e+03
   1.4710000e+03
   1.4550002e+03
   1.4949999e+03
   1.4440000e+03
   1.4890001e+03
   1.4710000e+03
   1.4670000e+03
   1.4630001e+03
   1.4370000e+03
   1.4399998e+03
   1.5190001e+03
   1.4960001e+03
   1.4460001e+03
   1.4659998e+03
   1.4330001e+03
   1.4800000e+03
   1.4429998e+03
   1.4390001e+03
   1.4510000e+03
   1.4890001e+03
   1.5039999e+03
   1.4440000e+03
   1.4349999e+03
   1.4430001e+03
   1.4770000e+03
   1.4510000e+03
   1.4570000e+03
   1.4510000e+03
   1.4819999e+03
   1.4480002e+03
   1.4389999e+03
   1.4380000e+03
   1.4930000e+03
   1.4740000e+03
   1.4700000e+03
   1.4419999e+03
   1.4350002e+03
   1.4619999e+03
   1.4640000e+03
   1.4549999e+03
   1.4520001e+03
   1.4300001e+03
   1.4649999e+03
   1.4410000e+03
   1.4470000e+03
   1.4540000e+03
   1.5030000e+03
   1.4579999e+03
   1.4360001e+03
   1.4970000e+03
   1.4730000e+03
   1.4209998e+03
   1.4830000e+03
   1.4980001e+03
   1.4389999e+03
   1.4540000e+03
   1.4670000e+03
   1.4610000e+03
   1.4620001e+03
   1.4749999e+03
   1.4590001e+03
   1.4169998e+03
   1.5290000e+03
   1.4360001e+03
   1.4530001e+03
   1.4489999e+03
   1.4730000e+03
   1.4679999e+03
   1.4850001e+03
   1.4729998e+03
   1.4740000e+03
   1.4390001e+03
   1.4519999e+03
   1.5130000e+03
   1.4300001e+03
   1.4700000e+03
   1.4559999e+03
   1.4350002e+03
   1.4329998e+03
   1.4570000e+03
   1.4190001e+03
   1.4829998e+03
   1.4520001e+03
   1.4400001e+03
   1.4700000e+03
   1.4399998e+03
   1.4320002e+03
   1.4459999e+03
   1.4860001e+03
   1.4879999e+03
   1.4500000e+03
   1.4749999e+03
   1.4370000e+03
   1.4390001e+03
   1.4150000e+03
   1.4890001e+03
   1.4399998e+03
   1.4930000e+03
   1.5000000e+03
   1.4430001e+03
   1.4689999e+03
   1.4420002e+03
   1.4779999e+03
   1.4370000e+03
   1.4670000e+03
   1.4920001e+03
   1.4859998e+03
   1.4640000e+03
   1.5050001e+03
   1.4340000e+03
   1.4600000e+03
   1.4570000e+03
   1.4740000e+03
   1.4759998e+03
   1.4500000e+03
   1.4730000e+03
   1.4380000e+03
   1.4679999e+03
   1.4390001e+03
   1.4570000e+03
   1.4870000e+03
   1.5309999e+03
   1.4270000e+03
   1.4390001e+03
   1.4870000e+03
   1.4649999e+03
   1.4770000e+03
   1.4250000e+03
   1.4960001e+03
   1.4300001e+03
   1.4610000e+03
   1.4640000e+03
   1.4559999e+03
   1.4780002e+03
   1.4419999e+03
   1.4520001e+03
   1.4129999e+03
   1.4700000e+03
   1.4530001e+03
   1.4340000e+03
   1.4299998e+03
   1.4520001e+03
   1.4629998e+03
   1.4420002e+03
   1.4570000e+03
   1.4919999e+03
   1.4810002e+03
   1.4280000e+03
   1.4659998e+03
   1.4310000e+03
   1.4650002e+03
   1.4459999e+03
   1.4540000e+03
   1.4400001e+03
   1.5109999e+03
   1.4580002e+03
   1.4789999e+03
   1.4770000e+03
   1.4920001e+03
   1.5009999e+03
   1.4700000e+03
   1.4649999e+03
   1.4960001e+03
   1.4670000e+03
   1.4600000e+03
   1.4660001e+03
   1.4749999e+03
   1.4779999e+03
   1.5510001e+03
   1.4589999e+03
   1.4450002e+03
   1.4429998e+03
   1.4580002e+03
   1.4469998e+03
   1.4760001e+03
   1.4790001e+03
   1.4860001e+03
   1.4579999e+03
   1.4579999e+03
   1.4649999e+03
   1.4700000e+03
   1.4850001e+03
   1.4510000e+03
   1.4470000e+03
   1.4089999e+03
   1.4360001e+03
   1.4829998e+03
   1.4790001e+03
   1.4840000e+03
   1.4520001e+03
   1.4410000e+03
   1.4269998e+03
   1.4610002e+03
   1.4410000e+03
   1.4280000e+03
   1.4640000e+03
   1.4359999e+03
   1.4300001e+03
   1.4560001e+03
   1.4210000e+03
   1.4299998e+03
   1.4680002e+03
   1.4370000e+03
   1.4410000e+03
   1.4729998e+03
   1.4530001e+03
   1.4170001e+03
   1.4389999e+03
   1.4420002e+03
   1.4229999e+03
   1.4840000e+03
   1.4520001e+03
   1.4879999e+03
   1.4530001e+03
   1.4570000e+03
   1.4400001e+03
   1.4340000e+03
   1.4059999e+03
   1.4380000e+03
   1.4370000e+03
   1.4630001e+03
   1.4840000e+03
   1.4760001e+03
   1.4289999e+03
   1.4519999e+03
   1.4570000e+03
   1.4310000e+03
   1.4570000e+03
   1.4590001e+03
   1.4630001e+03
   1.5009999e+03
   1.4679999e+03
   1.4510000e+03
   1.4360001e+03
   1.4589999e+03
   1.4580002e+03
   1.4280000e+03
   1.4449999e+03
   1.4560001e+03
   1.4099998e+03
   1.4470000e+03
   1.4460001e+03
   1.4440000e+03
   1.4619999e+03
   1.4289999e+03
   1.4570000e+03
   1.4800000e+03
   1.5110002e+03
   1.4510000e+03
   1.4879999e+03
   1.4530001e+03
   1.4389999e+03
   1.5350001e+03
   1.4549999e+03
   1.4400001e+03
   1.4440000e+03
   1.4820001e+03
   1.3989999e+03
   1.4540000e+03
   1.4340000e+03
   1.4389999e+03
   1.4630001e+03
   1.5020001e+03
   1.4619999e+03
   1.4920001e+03
   1.4549999e+03
   1.4570000e+03
   1.4719999e+03
   1.4350002e+03
   1.4519999e+03
   1.4300001e+03
   1.4529998e+03
   1.4800000e+03
   1.4280000e+03
   1.4250002e+03
   1.4410000e+03
   1.4610000e+03
   1.4389999e+03
   1.4460001e+03
   1.3859999e+03
   1.4880002e+03
   1.4579999e+03
   1.4410000e+03
   1.4419999e+03
   1.4380000e+03
   1.4770000e+03
   1.4310000e+03
   1.4080000e+03
   1.4800000e+03
   1.4770000e+03
   1.4910002e+03
   1.4499998e+03
   1.4400001e+03
   1.4370000e+03
   1.4690001e+03
   1.4919999e+03
   1.4900000e+03
   1.4840000e+03
   1.4980001e+03
   1.4259999e+03
   1.4119999e+03
   1.4570000e+03
   1.4260001e+03
   1.5290000e+03
   1.4370000e+03
   1.4759998e+03
   1.4680002e+03
   1.4339998e+03
   1.4670000e+03
   1.5220001e+03
   1.4630001e+03
   1.4530001e+03
   1.4559999e+03
   1.4510000e+03
   1.4580002e+03
   1.4629998e+03
   1.4440000e+03
   1.4560001e+03
   1.4749999e+03
   1.4680002e+03
   1.4449999e+03
   1.4359999e+03
   1.4420002e+03
   1.4849999e+03
   1.4470000e+03
   1.4749999e+03
   1.4690001e+03
   1.5090001e+03
   1.4459999e+03
   1.4380002e+03
   1.4689999e+03
   1.4970000e+03
   1.4360001e+03
   1.4800000e+03
   1.4549999e+03
   1.4600000e+03
   1.5160000e+03
   1.4710000e+03
   1.4470000e+03
   1.4949999e+03
   1.4820001e+03
   1.4400001e+03
   1.4399998e+03
   1.4970000e+03
   1.4530001e+03
   1.4690001e+03
   1.4600000e+03
   1.4699998e+03
   1.4620001e+03
   1.4659998e+03
   1.4490001e+03
   1.4870000e+03
   1.4349999e+03
   1.4350002e+03
   1.4579999e+03
   1.5130000e+03
   1.4570000e+03
   1.4210000e+03
   1.4649999e+03
   1.4040000e+03
   1.5079999e+03
   1.4520001e+03
   1.4570000e+03
   1.4399998e+03
   1.4450002e+03
   1.4380000e+03
   1.4349999e+03
   1.4380000e+03
   1.4340000e+03
   1.4670000e+03
   1.4670000e+03
