   8.3550000e+03
   6.1800000e+03
   6.2740000e+03
   5.8740000e+03
   5.9550000e+03
   5.7140000e+03
   5.7810000e+03
   5.9200000e+03
   5.7860000e+03
   5.8370000e+03
   5.7580000e+03
   5.7610000e+03
   6.1740000e+03
   5.7050000e+03
   5.6960000e+03
   5.7210000e+03
   5.6230000e+03
   5.5890000e+03
   5.9490000e+03
   5.7000000e+03
   5.9310000e+03
   5.8020000e+03
   5.9530000e+03
   6.0080000e+03
   5.9660000e+03
   5.8590000e+03
   7.6720000e+03
   6.0080000e+03
   5.9120000e+03
   5.7060000e+03
   1.4227000e+04
   1.0251000e+04
   7.3740000e+03
   6.1910000e+03
   5.6940000e+03
   5.8600000e+03
   6.9120000e+03
   5.9380000e+03
   6.8130000e+03
   6.1720000e+03
   5.7440000e+03
   5.7320000e+03
   5.7160000e+03
   5.7480000e+03
   5.7870000e+03
   6.0140000e+03
   6.0990000e+03
   5.5560000e+03
   5.6890000e+03
   5.6850000e+03
   5.6810000e+03
   5.9900000e+03
   5.9450000e+03
   6.7090000e+03
   5.7770000e+03
   5.7940000e+03
   7.5520000e+03
   5.6690000e+03
   5.7180000e+03
   5.9040000e+03
   6.0820000e+03
   5.7110000e+03
   5.6610000e+03
   1.4179000e+04
   9.8210000e+03
   7.2910000e+03
   7.3000000e+03
   5.8280000e+03
   5.7330000e+03
   5.6380000e+03
   7.7800000e+03
   8.1470000e+03
   6.9240000e+03
   6.6280000e+03
   6.5820000e+03
   6.4390000e+03
   6.2680000e+03
   6.2280000e+03
   6.2830000e+03
   6.1030000e+03
   5.7740000e+03
   5.8020000e+03
   6.0460000e+03
   5.6830000e+03
   5.9230000e+03
   8.6430000e+03
   5.6850000e+03
   6.4630000e+03
   8.8090000e+03
   6.8390000e+03
   6.5200000e+03
   6.2340000e+03
   6.2580000e+03
   6.0280000e+03
   5.8550000e+03
   6.0470000e+03
   5.8410000e+03
   5.7760000e+03
   5.7870000e+03
   5.7900000e+03
   6.8860000e+03
   6.3030000e+03
   5.6870000e+03
   5.6970000e+03
   6.6470000e+03
   8.8000000e+03
   5.6710000e+03
   5.8960000e+03
   5.8150000e+03
   6.3700000e+03
   6.3390000e+03
   5.6220000e+03
   6.3000000e+03
   6.8540000e+03
   5.8200000e+03
   5.8500000e+03
   6.3300000e+03
   5.9500000e+03
   6.5310000e+03
   5.7700000e+03
   6.5880000e+03
   6.3370000e+03
   5.9250000e+03
   5.7210000e+03
   5.9760000e+03
   5.8130000e+03
   6.3380000e+03
   5.7090000e+03
   7.2500000e+03
   5.9690000e+03
   9.5570000e+03
   7.6270000e+03
   6.8450000e+03
   6.4480000e+03
   6.4250000e+03
   6.2490000e+03
   6.0850000e+03
   6.1890000e+03
   5.9180000e+03
   5.9250000e+03
   5.9570000e+03
   5.8050000e+03
   5.8680000e+03
   5.7830000e+03
   5.7950000e+03
   5.8060000e+03
   5.9750000e+03
   5.6650000e+03
   5.9250000e+03
   5.6920000e+03
   5.9000000e+03
   6.0050000e+03
   6.2470000e+03
   5.6650000e+03
   6.4140000e+03
   5.8050000e+03
   5.7210000e+03
   5.7770000e+03
   5.6970000e+03
   5.6650000e+03
   5.7560000e+03
   5.7060000e+03
   5.9790000e+03
   5.7530000e+03
   6.3500000e+03
   7.0260000e+03
   7.1120000e+03
   6.1920000e+03
   6.2050000e+03
   6.8570000e+03
   5.7980000e+03
   5.8200000e+03
   5.6580000e+03
   5.8250000e+03
   6.5630000e+03
   7.3940000e+03
   5.7960000e+03
   5.8920000e+03
   8.4860000e+03
   6.0390000e+03
   6.2190000e+03
   5.7870000e+03
   5.6440000e+03
   6.5080000e+03
   6.3070000e+03
   5.5960000e+03
   6.1230000e+03
   7.1640000e+03
   5.6960000e+03
   6.1550000e+03
   6.1340000e+03
   5.6680000e+03
   5.7190000e+03
   5.7570000e+03
   6.2880000e+03
   5.8450000e+03
   5.7040000e+03
   5.7010000e+03
   5.8350000e+03
   5.9530000e+03
   6.2410000e+03
   5.6060000e+03
   5.6870000e+03
   6.4210000e+03
   9.3690000e+03
   7.0640000e+03
   6.8940000e+03
   5.6440000e+03
   5.6540000e+03
   6.5670000e+03
   9.2480000e+03
   6.9590000e+03
   6.5810000e+03
   6.5680000e+03
   6.2850000e+03
   6.8760000e+03
   6.0300000e+03
   5.8620000e+03
   6.4280000e+03
   5.9500000e+03
   5.9470000e+03
   5.6560000e+03
   5.8960000e+03
   5.8540000e+03
   5.6390000e+03
   5.6390000e+03
   5.7610000e+03
   6.0750000e+03
   5.7040000e+03
   5.6890000e+03
   6.1020000e+03
   5.9470000e+03
   5.7180000e+03
   5.9210000e+03
   5.9170000e+03
   5.7950000e+03
   5.9090000e+03
   5.7600000e+03
   5.6360000e+03
   5.7580000e+03
   5.7840000e+03
   5.7510000e+03
   5.7810000e+03
   5.6990000e+03
   5.6210000e+03
   5.7710000e+03
   5.8270000e+03
   5.6540000e+03
   5.7430000e+03
   5.6670000e+03
   5.7150000e+03
   5.7390000e+03
   5.7510000e+03
   5.6630000e+03
   5.8290000e+03
   5.7000000e+03
   5.6920000e+03
   5.6870000e+03
   5.7540000e+03
   5.9460000e+03
   6.1440000e+03
   5.9000000e+03
   5.9440000e+03
   6.1620000e+03
   6.5810000e+03
   6.4760000e+03
   5.8100000e+03
   6.3170000e+03
   6.0580000e+03
   6.4920000e+03
   6.9130000e+03
   7.2100000e+03
   6.4190000e+03
   6.5790000e+03
   5.9750000e+03
   5.7630000e+03
   7.0510000e+03
   5.9270000e+03
   5.6900000e+03
   5.9330000e+03
   5.8280000e+03
   5.8600000e+03
   6.9940000e+03
   5.9860000e+03
   5.6670000e+03
   6.2160000e+03
   6.4480000e+03
   5.7690000e+03
   6.2020000e+03
   6.5580000e+03
   5.7450000e+03
   6.2470000e+03
   5.8890000e+03
   6.4470000e+03
   6.1630000e+03
   5.7440000e+03
   6.0920000e+03
   5.8530000e+03
   5.7910000e+03
   5.8370000e+03
   5.7910000e+03
   5.9010000e+03
   5.7030000e+03
   6.0400000e+03
   5.9170000e+03
   5.6480000e+03
   5.6950000e+03
   5.6620000e+03
   5.8460000e+03
   5.8540000e+03
   5.7420000e+03
   5.8010000e+03
   5.7710000e+03
   5.9160000e+03
   5.6720000e+03
   5.6760000e+03
   5.9000000e+03
   7.6230000e+03
   5.9140000e+03
   6.2220000e+03
   5.8790000e+03
   5.6480000e+03
   6.6750000e+03
   5.9340000e+03
   5.6700000e+03
   5.6610000e+03
   5.6630000e+03
   5.6990000e+03
   5.7330000e+03
   5.7590000e+03
   5.7250000e+03
   5.6950000e+03
   5.6800000e+03
   5.8110000e+03
   5.7930000e+03
   5.7150000e+03
   5.7680000e+03
   6.2860000e+03
   6.3220000e+03
   5.7080000e+03
   1.0627000e+04
   9.3070000e+03
   8.4190000e+03
   8.3290000e+03
   7.2880000e+03
   6.4970000e+03
   5.7450000e+03
   6.0730000e+03
   5.9950000e+03
   5.6910000e+03
   6.3600000e+03
   9.1950000e+03
   8.0610000e+03
   7.4700000e+03
   6.1380000e+03
   5.9490000e+03
   6.6260000e+03
   5.5810000e+03
   5.6040000e+03
   5.9590000e+03
   6.3760000e+03
   5.5590000e+03
   5.7990000e+03
   6.4960000e+03
   5.7860000e+03
   5.9250000e+03
   5.7930000e+03
   5.7380000e+03
   6.0020000e+03
   7.3970000e+03
   5.7120000e+03
   5.8210000e+03
   5.8670000e+03
   6.2810000e+03
   5.7300000e+03
   5.6920000e+03
   5.9140000e+03
   5.7690000e+03
   5.9760000e+03
   5.6190000e+03
   5.5980000e+03
   5.6850000e+03
   5.7580000e+03
   5.8060000e+03
   5.6970000e+03
   5.8220000e+03
   5.5910000e+03
   6.0180000e+03
   5.8800000e+03
   9.2040000e+03
   5.6960000e+03
   5.6890000e+03
   5.9450000e+03
   5.6720000e+03
   5.7260000e+03
   5.7160000e+03
   6.5430000e+03
   5.9470000e+03
   5.7040000e+03
   5.6620000e+03
   5.8290000e+03
   5.7570000e+03
   6.2860000e+03
   5.8990000e+03
   5.8150000e+03
   5.7000000e+03
   6.1470000e+03
   5.9050000e+03
   5.7980000e+03
   5.7290000e+03
   6.1200000e+03
   5.8200000e+03
   5.7880000e+03
   5.7070000e+03
   5.6760000e+03
   5.7320000e+03
   5.9250000e+03
   5.7070000e+03
   9.0340000e+03
   9.1360000e+03
   9.8350000e+03
   7.5600000e+03
   5.9910000e+03
   5.6200000e+03
   5.7100000e+03
   5.8800000e+03
   5.8860000e+03
   5.6100000e+03
   6.5300000e+03
   5.5730000e+03
   5.9380000e+03
   5.8580000e+03
   6.1940000e+03
   5.9850000e+03
   6.2850000e+03
   6.5350000e+03
   5.9020000e+03
   5.6250000e+03
   6.0830000e+03
   5.7340000e+03
   6.2110000e+03
   5.5300000e+03
   5.6550000e+03
   6.2960000e+03
   5.6650000e+03
   6.3260000e+03
   7.5450000e+03
   5.9020000e+03
   7.2700000e+03
   6.3990000e+03
   5.8010000e+03
   5.9650000e+03
   6.2240000e+03
   6.4950000e+03
   7.0770000e+03
   6.4340000e+03
   6.0200000e+03
   6.4480000e+03
   5.8270000e+03
   5.6460000e+03
   5.6740000e+03
   6.1270000e+03
   6.1850000e+03
   5.9570000e+03
   5.7540000e+03
   6.1650000e+03
   6.8070000e+03
   6.0410000e+03
   5.6650000e+03
   5.7800000e+03
   6.9230000e+03
   6.6350000e+03
   5.7330000e+03
   5.7430000e+03
   5.7060000e+03
   6.3280000e+03
   6.3730000e+03
   5.8110000e+03
   5.6590000e+03
   5.7310000e+03
   5.8440000e+03
   5.6170000e+03
   5.6690000e+03
   5.6930000e+03
   6.1950000e+03
   6.1110000e+03
   5.6260000e+03
   6.0340000e+03
   8.3910000e+03
   5.7060000e+03
   5.8780000e+03
   6.1290000e+03
   6.3120000e+03
   5.6900000e+03
   5.7130000e+03
   5.8430000e+03
   5.8960000e+03
   5.6010000e+03
   5.6760000e+03
   6.8070000e+03
   6.0800000e+03
   5.7510000e+03
   5.9280000e+03
   5.7020000e+03
   5.7580000e+03
   5.8580000e+03
   6.2010000e+03
   5.5890000e+03
   5.6460000e+03
   5.9240000e+03
   7.1330000e+03
   5.6870000e+03
   5.7510000e+03
   6.6270000e+03
   5.6920000e+03
   5.8800000e+03
   6.0170000e+03
   5.5920000e+03
   5.6840000e+03
   6.4130000e+03
   6.8250000e+03
   6.1210000e+03
   6.7180000e+03
   6.1870000e+03
   6.9560000e+03
   6.0780000e+03
   6.0250000e+03
   5.9440000e+03
   5.8760000e+03
   5.8380000e+03
   5.7570000e+03
   5.6890000e+03
   5.7910000e+03
   5.7990000e+03
   5.5520000e+03
   5.8260000e+03
   5.6340000e+03
   5.6900000e+03
   5.5790000e+03
   5.7650000e+03
   5.6650000e+03
   5.7210000e+03
   5.9720000e+03
   7.8740000e+03
   5.7050000e+03
   5.6990000e+03
   5.6810000e+03
   6.2290000e+03
   6.2460000e+03
   5.8560000e+03
   5.7720000e+03
   5.7070000e+03
   6.3570000e+03
   7.2110000e+03
   5.6280000e+03
   5.9130000e+03
   7.7930000e+03
   5.8690000e+03
   5.7790000e+03
   6.2870000e+03
   6.2480000e+03
   5.7200000e+03
   5.7900000e+03
   5.9900000e+03
   5.8670000e+03
   5.8310000e+03
   5.6370000e+03
   6.3870000e+03
   6.4770000e+03
   5.7340000e+03
   6.0600000e+03
   7.0180000e+03
   5.7560000e+03
   5.6340000e+03
   5.6070000e+03
   5.6900000e+03
   6.6140000e+03
   8.7310000e+03
   7.0380000e+03
   5.6800000e+03
   5.7100000e+03
   6.5660000e+03
   5.7580000e+03
   5.6770000e+03
   5.5860000e+03
   5.6910000e+03
   5.6560000e+03
   5.7500000e+03
   5.6500000e+03
   5.7720000e+03
   5.7010000e+03
   5.7380000e+03
   5.6450000e+03
   5.6350000e+03
   5.6830000e+03
   5.5960000e+03
   5.6040000e+03
   5.6650000e+03
   5.6380000e+03
   5.6290000e+03
   5.6020000e+03
   5.5960000e+03
   5.5880000e+03
   5.6720000e+03
   5.6610000e+03
   5.5810000e+03
   5.6340000e+03
   8.3540000e+03
   5.8740000e+03
   5.7090000e+03
   5.7020000e+03
   6.4180000e+03
   5.9980000e+03
   5.6150000e+03
   6.1380000e+03
   7.2410000e+03
   5.9490000e+03
   5.6930000e+03
   5.7840000e+03
   6.7000000e+03
   5.8200000e+03
   5.7960000e+03
   5.6400000e+03
   6.1440000e+03
   5.7190000e+03
   5.7080000e+03
   5.6050000e+03
   5.6870000e+03
   5.7310000e+03
   6.1790000e+03
   5.7810000e+03
   5.6530000e+03
   5.8230000e+03
   7.2420000e+03
   5.9810000e+03
   5.6500000e+03
   5.6820000e+03
   6.2850000e+03
   6.0760000e+03
   5.6350000e+03
   5.6470000e+03
   5.6550000e+03
   6.4970000e+03
   6.6950000e+03
   5.6050000e+03
   5.7500000e+03
   6.1710000e+03
   5.5710000e+03
   6.0770000e+03
   6.6100000e+03
   5.6160000e+03
   5.9800000e+03
   8.7630000e+03
   5.7790000e+03
   5.7840000e+03
   6.4270000e+03
   5.7180000e+03
   5.7440000e+03
   5.6820000e+03
   6.2520000e+03
   7.0980000e+03
   5.6730000e+03
   5.7410000e+03
   6.5290000e+03
   6.0200000e+03
   5.6910000e+03
   5.6470000e+03
   5.7790000e+03
   5.7160000e+03
   5.7740000e+03
   5.6820000e+03
   5.7740000e+03
   6.2960000e+03
   5.7790000e+03
   5.6290000e+03
   5.7410000e+03
   5.7700000e+03
   5.7800000e+03
   5.6620000e+03
   5.6650000e+03
   5.6150000e+03
   5.6950000e+03
   5.7130000e+03
   5.7920000e+03
   5.6930000e+03
   5.7390000e+03
   5.6750000e+03
   6.2320000e+03
   5.6920000e+03
   6.1580000e+03
   6.5510000e+03
   5.7280000e+03
   5.7560000e+03
   6.7800000e+03
   6.1100000e+03
   5.7020000e+03
   6.0390000e+03
   7.4630000e+03
   5.7760000e+03
   5.8030000e+03
   5.9850000e+03
   5.9270000e+03
   5.8150000e+03
   6.5750000e+03
   9.3930000e+03
   6.8060000e+03
   6.4750000e+03
   6.2030000e+03
   6.0860000e+03
   6.1730000e+03
   5.9320000e+03
   5.8800000e+03
   6.0300000e+03
   5.7190000e+03
   5.7460000e+03
   5.8920000e+03
   6.8440000e+03
   5.6450000e+03
   6.6260000e+03
   7.8570000e+03
   6.7710000e+03
   6.9490000e+03
   6.0410000e+03
   6.0190000e+03
   6.9200000e+03
   6.0230000e+03
   6.5440000e+03
   5.8210000e+03
   9.0620000e+03
   5.7340000e+03
   5.7180000e+03
   6.0640000e+03
   6.5160000e+03
   6.1200000e+03
   6.5690000e+03
   6.7360000e+03
   5.7360000e+03
   7.3640000e+03
   6.0020000e+03
   5.8560000e+03
   5.7060000e+03
   6.0430000e+03
   5.6530000e+03
   6.4380000e+03
   6.1480000e+03
   6.5250000e+03
   5.5830000e+03
   6.0300000e+03
   6.1500000e+03
   5.7910000e+03
   7.4930000e+03
   5.9640000e+03
   6.6180000e+03
   6.0150000e+03
   6.0610000e+03
   6.7740000e+03
   6.4150000e+03
   6.3410000e+03
   5.8600000e+03
   7.0010000e+03
   5.9070000e+03
   7.0420000e+03
   5.9930000e+03
   5.6850000e+03
   5.8520000e+03
   7.0610000e+03
   5.6830000e+03
   5.6800000e+03
   5.7610000e+03
   6.3150000e+03
   6.5780000e+03
   5.6510000e+03
   5.6400000e+03
   6.3830000e+03
   5.5960000e+03
   5.9140000e+03
   5.5270000e+03
   5.6700000e+03
   5.6730000e+03
   5.6180000e+03
   5.6230000e+03
   5.6710000e+03
   5.8700000e+03
   5.6100000e+03
   6.6370000e+03
   5.6570000e+03
   5.7280000e+03
   5.7420000e+03
   5.6100000e+03
   5.6350000e+03
   5.6020000e+03
   6.3580000e+03
   5.6520000e+03
   5.7170000e+03
   5.6230000e+03
   5.5390000e+03
   5.8400000e+03
   5.7080000e+03
   7.0610000e+03
   5.6780000e+03
   5.5790000e+03
   6.3130000e+03
   5.7060000e+03
   5.7950000e+03
   5.9950000e+03
   6.0890000e+03
   6.3920000e+03
   5.9330000e+03
   6.1580000e+03
   6.1810000e+03
   6.2780000e+03
   7.0770000e+03
   5.6460000e+03
   9.6370000e+03
   9.7520000e+03
   9.3970000e+03
   1.0734000e+04
   9.6610000e+03
   6.1020000e+03
   1.0278000e+04
   6.6430000e+03
   5.6300000e+03
   5.7320000e+03
   6.4570000e+03
   5.9110000e+03
   5.9060000e+03
   6.1510000e+03
   5.8270000e+03
   5.5740000e+03
   5.8890000e+03
   5.9420000e+03
   6.5880000e+03
   5.6710000e+03
   5.7290000e+03
   6.3770000e+03
   5.7580000e+03
   5.8340000e+03
   5.6870000e+03
   5.7210000e+03
   6.3580000e+03
   6.8880000e+03
   5.8730000e+03
   5.8500000e+03
   5.8430000e+03
   6.9710000e+03
   6.3010000e+03
   6.5130000e+03
   5.8950000e+03
   6.1190000e+03
   6.1510000e+03
   6.1430000e+03
   6.3590000e+03
   5.7500000e+03
   6.2530000e+03
   6.1080000e+03
   5.8590000e+03
   5.9910000e+03
   6.3060000e+03
   5.9140000e+03
   5.6360000e+03
   5.7240000e+03
   7.0880000e+03
   5.6960000e+03
   5.6830000e+03
   6.1300000e+03
   5.6310000e+03
   6.7190000e+03
   6.3510000e+03
   5.6480000e+03
   5.6460000e+03
   7.4570000e+03
   5.5500000e+03
   6.4920000e+03
   6.3340000e+03
   5.5940000e+03
   7.0170000e+03
   5.6650000e+03
   6.3510000e+03
   6.6910000e+03
   5.9660000e+03
   6.1850000e+03
   5.9460000e+03
   5.7560000e+03
   6.1650000e+03
   8.6020000e+03
   5.7520000e+03
   6.5040000e+03
   6.7740000e+03
   5.7030000e+03
   6.9820000e+03
   5.6510000e+03
   5.8390000e+03
   5.6970000e+03
   5.7110000e+03
   6.1530000e+03
   7.0060000e+03
   6.5820000e+03
   5.8060000e+03
   5.8710000e+03
   6.0340000e+03
   5.9780000e+03
   6.0350000e+03
   5.7770000e+03
   6.2050000e+03
   5.6080000e+03
   5.7590000e+03
   6.1210000e+03
   5.8890000e+03
   5.5780000e+03
   5.6820000e+03
   5.6760000e+03
   5.9920000e+03
   5.5970000e+03
   5.7090000e+03
   5.8370000e+03
   5.7120000e+03
   6.0330000e+03
   6.5870000e+03
   6.7440000e+03
   8.6870000e+03
   6.7990000e+03
   8.6400000e+03
   6.3040000e+03
   7.8990000e+03
   5.9380000e+03
   6.3350000e+03
   7.2120000e+03
   5.8730000e+03
   7.1550000e+03
   5.7510000e+03
   5.7300000e+03
   5.6760000e+03
   6.4180000e+03
   5.8240000e+03
   5.7010000e+03
   5.8930000e+03
   5.7230000e+03
   5.7850000e+03
   6.0740000e+03
   5.5750000e+03
   5.6960000e+03
   5.7250000e+03
   6.3620000e+03
   5.9240000e+03
   6.5450000e+03
   6.0180000e+03
   6.2310000e+03
   5.7730000e+03
   6.9540000e+03
   6.6930000e+03
   6.0460000e+03
   5.8260000e+03
   6.8190000e+03
   5.7470000e+03
   5.5190000e+03
   6.2560000e+03
   5.6670000e+03
   5.5280000e+03
   5.6330000e+03
   5.5590000e+03
   5.6930000e+03
   6.0640000e+03
   5.8690000e+03
   6.5910000e+03
   6.6330000e+03
   5.7460000e+03
   9.5050000e+03
   8.4200000e+03
   6.4500000e+03
   6.3300000e+03
   6.3940000e+03
   5.9660000e+03
   6.3670000e+03
   5.8010000e+03
   5.7080000e+03
   6.0320000e+03
   5.8390000e+03
   6.1550000e+03
   5.7060000e+03
   5.6680000e+03
   6.1110000e+03
   5.5820000e+03
   6.6880000e+03
   5.6650000e+03
   5.6220000e+03
   6.0360000e+03
   5.8130000e+03
   5.7200000e+03
   1.0183000e+04
   1.0322000e+04
   9.1970000e+03
   9.7340000e+03
   8.6180000e+03
   7.9070000e+03
   6.9950000e+03
   5.7550000e+03
   5.6750000e+03
   6.1830000e+03
   5.6330000e+03
   6.2640000e+03
