   2.8636000e+04
   2.5746000e+04
   2.5240000e+04
   2.0066000e+04
   2.0752000e+04
   2.1315000e+04
   2.1645000e+04
   2.2245000e+04
   2.3064000e+04
   2.0834000e+04
   2.0585000e+04
   2.1601000e+04
   2.1363000e+04
   2.2321000e+04
   2.1210000e+04
   2.1178000e+04
   2.0843000e+04
   2.1485000e+04
   2.1259000e+04
   2.0754000e+04
   2.0680000e+04
   2.2034000e+04
   2.1393000e+04
   2.0314000e+04
   2.0565000e+04
   2.1214000e+04
   2.1035000e+04
   2.2420000e+04
   2.1445000e+04
   2.1335000e+04
   2.1501000e+04
   2.1372000e+04
   2.1019000e+04
   2.3286000e+04
   2.0994000e+04
   2.1329000e+04
   2.1316000e+04
   2.1073000e+04
   2.3736000e+04
   2.1313000e+04
   2.1687000e+04
   2.3182000e+04
   2.1050000e+04
   2.0559000e+04
   2.7516000e+04
   2.7959000e+04
   2.7041000e+04
   2.2242000e+04
   2.1353000e+04
   2.1147000e+04
   2.1023000e+04
   2.0886000e+04
   2.1518000e+04
   2.1066000e+04
   2.2117000e+04
   2.0577000e+04
   2.1903000e+04
   2.2261000e+04
   2.1174000e+04
   2.2346000e+04
   2.3636000e+04
   2.1526000e+04
   2.1375000e+04
   2.1076000e+04
   2.2540000e+04
   2.2791000e+04
   2.1506000e+04
   2.0342000e+04
   2.0053000e+04
   2.1015000e+04
   2.0923000e+04
   2.1689000e+04
   2.1240000e+04
   2.2428000e+04
   2.1867000e+04
   2.1663000e+04
   2.1172000e+04
   2.3177000e+04
   2.2405000e+04
   2.4680000e+04
   2.2739000e+04
   2.1585000e+04
   2.2005000e+04
   2.1484000e+04
   2.0835000e+04
   2.1155000e+04
   2.0733000e+04
   2.2216000e+04
   2.1623000e+04
   2.2394000e+04
   2.1145000e+04
   2.1365000e+04
   2.2503000e+04
   2.0315000e+04
   2.0757000e+04
   2.1745000e+04
   2.0575000e+04
   2.2811000e+04
   3.8390000e+04
   2.9199000e+04
   2.8384000e+04
   2.8347000e+04
   2.1516000e+04
   2.0439000e+04
   1.9985000e+04
   2.1699000e+04
   2.2079000e+04
   2.0344000e+04
   2.1514000e+04
   2.2026000e+04
   2.1433000e+04
   2.1332000e+04
   2.0266000e+04
   2.1258000e+04
   2.0783000e+04
   2.0335000e+04
   2.0886000e+04
   2.1721000e+04
   2.1230000e+04
   2.0719000e+04
   2.2236000e+04
   2.0982000e+04
   2.2435000e+04
   2.2016000e+04
   2.2327000e+04
   2.0835000e+04
   2.2143000e+04
   2.0796000e+04
   2.2323000e+04
   2.3477000e+04
   2.0559000e+04
   2.0648000e+04
   2.1731000e+04
   2.0519000e+04
   2.0617000e+04
   2.1984000e+04
   2.2120000e+04
   2.2264000e+04
   2.3937000e+04
   2.2508000e+04
   2.1764000e+04
   2.0147000e+04
   2.1889000e+04
   2.1704000e+04
   2.1387000e+04
   2.1147000e+04
   2.1177000e+04
   2.0468000e+04
   2.1186000e+04
   2.0729000e+04
   2.0860000e+04
   2.2287000e+04
   2.0950000e+04
   2.0282000e+04
   2.0676000e+04
   2.1015000e+04
   1.9981000e+04
   2.1322000e+04
   2.0143000e+04
   2.1985000e+04
   2.0284000e+04
   2.0397000e+04
   2.0052000e+04
   2.1217000e+04
   2.0849000e+04
   2.0741000e+04
   2.1324000e+04
   2.1171000e+04
   2.2031000e+04
   2.0954000e+04
   2.0805000e+04
   2.1347000e+04
   2.0422000e+04
   1.9807000e+04
   2.0072000e+04
   2.0962000e+04
   2.1744000e+04
   2.0937000e+04
   2.0230000e+04
   2.1219000e+04
   2.1775000e+04
   2.8884000e+04
   2.0410000e+04
   2.1422000e+04
   2.0639000e+04
   2.1304000e+04
   2.1717000e+04
   2.1151000e+04
   2.1181000e+04
   2.1032000e+04
   2.0605000e+04
   2.1123000e+04
   2.0767000e+04
   2.0956000e+04
   2.0366000e+04
   2.1085000e+04
   2.1340000e+04
   2.0904000e+04
   2.0853000e+04
   2.2747000e+04
   2.0784000e+04
   2.1003000e+04
   2.1036000e+04
   2.0854000e+04
   2.0402000e+04
   2.0659000e+04
   2.1010000e+04
   2.0930000e+04
   2.1718000e+04
   2.1015000e+04
   2.9210000e+04
   3.0600000e+04
   2.7477000e+04
   2.6992000e+04
   2.1841000e+04
   2.1023000e+04
   2.0597000e+04
   2.1780000e+04
   2.1027000e+04
   2.1802000e+04
   2.2027000e+04
   2.1788000e+04
   2.1672000e+04
   2.0461000e+04
   2.1771000e+04
   2.0161000e+04
   2.2046000e+04
   2.2020000e+04
   2.1194000e+04
   2.1784000e+04
   2.1166000e+04
   2.0338000e+04
   2.1760000e+04
   2.0257000e+04
   2.0945000e+04
   1.9927000e+04
   2.7432000e+04
   2.1543000e+04
   2.2609000e+04
   2.1009000e+04
   2.0943000e+04
   2.0160000e+04
   2.0303000e+04
   2.2728000e+04
   2.1832000e+04
   2.0876000e+04
   2.2043000e+04
   2.0106000e+04
   2.1319000e+04
   1.9948000e+04
   2.0266000e+04
   2.1134000e+04
   2.1222000e+04
   2.2356000e+04
   2.1401000e+04
   2.3140000e+04
   2.0889000e+04
   2.0486000e+04
   2.3024000e+04
   2.0783000e+04
   2.0400000e+04
   2.1090000e+04
   1.9819000e+04
   2.0144000e+04
   2.4025000e+04
   2.4349000e+04
   2.3555000e+04
   2.8550000e+04
   2.4388000e+04
   2.1551000e+04
   2.2034000e+04
   2.0520000e+04
   2.3598000e+04
   2.0485000e+04
   2.1523000e+04
   2.1511000e+04
   2.0443000e+04
   2.0203000e+04
   2.0816000e+04
   2.1095000e+04
   2.0173000e+04
   2.4329000e+04
   2.0922000e+04
   2.1623000e+04
   2.0640000e+04
   2.0683000e+04
   2.1440000e+04
   2.0132000e+04
   2.2063000e+04
   2.0537000e+04
   2.0832000e+04
   2.0071000e+04
   2.6244000e+04
   2.5358000e+04
   2.0972000e+04
   2.1911000e+04
   2.0860000e+04
   2.1601000e+04
   2.1875000e+04
   2.0194000e+04
   2.4570000e+04
   2.2283000e+04
   2.1076000e+04
   2.0872000e+04
   2.1875000e+04
   2.1444000e+04
   2.0812000e+04
   2.0559000e+04
   2.1287000e+04
   2.0876000e+04
   2.4296000e+04
   2.2257000e+04
   2.2065000e+04
   2.2283000e+04
   2.1242000e+04
   2.3416000e+04
   2.0179000e+04
   1.9883000e+04
   2.0668000e+04
   2.4269000e+04
   2.5598000e+04
   2.4771000e+04
   2.5533000e+04
   2.1003000e+04
   2.2061000e+04
   2.0227000e+04
   2.0214000e+04
   2.0482000e+04
   2.0115000e+04
   2.1010000e+04
   2.0750000e+04
   2.0738000e+04
   2.0977000e+04
   2.1436000e+04
   2.1254000e+04
   2.1731000e+04
   2.3357000e+04
   2.1313000e+04
   2.1200000e+04
   2.0897000e+04
   2.1081000e+04
   2.1492000e+04
   2.1395000e+04
   2.1053000e+04
   2.3232000e+04
   2.1413000e+04
   2.1652000e+04
   2.1202000e+04
   2.0240000e+04
   2.0281000e+04
   2.0383000e+04
   2.1012000e+04
   2.1936000e+04
   2.2596000e+04
   2.3181000e+04
   2.2717000e+04
   2.1944000e+04
   2.1411000e+04
   2.1216000e+04
   2.2069000e+04
   2.3453000e+04
   2.2029000e+04
   2.1753000e+04
   2.0905000e+04
   2.3824000e+04
   2.2263000e+04
   2.2093000e+04
   2.2011000e+04
   2.2372000e+04
   2.3161000e+04
   2.2257000e+04
   2.1260000e+04
   2.0571000e+04
   2.0988000e+04
   2.4339000e+04
   2.7442000e+04
   2.6825000e+04
   2.2253000e+04
   2.1603000e+04
   2.1533000e+04
   2.0925000e+04
   2.0419000e+04
   2.2319000e+04
   2.1406000e+04
   2.1216000e+04
   2.1346000e+04
   2.1501000e+04
   2.1321000e+04
   2.2111000e+04
   2.1931000e+04
   2.1434000e+04
   2.1065000e+04
   2.1286000e+04
   2.0640000e+04
   2.2359000e+04
   2.2650000e+04
   2.1795000e+04
   2.2130000e+04
   2.2043000e+04
   2.1970000e+04
   2.1634000e+04
   2.7755000e+04
   2.3492000e+04
   2.0890000e+04
   2.1844000e+04
   2.1661000e+04
   2.1354000e+04
   2.2909000e+04
   2.1295000e+04
   2.1119000e+04
   2.3112000e+04
   2.3165000e+04
   2.2358000e+04
   2.3548000e+04
   2.1939000e+04
   2.3196000e+04
   2.2140000e+04
   2.2126000e+04
   2.1809000e+04
   2.1400000e+04
   2.2526000e+04
   2.2310000e+04
   2.3140000e+04
   2.3427000e+04
   2.1494000e+04
   2.1881000e+04
   2.2597000e+04
   2.2092000e+04
   2.7022000e+04
   2.1856000e+04
   2.2027000e+04
   2.5426000e+04
   2.1265000e+04
   2.0813000e+04
   2.2383000e+04
   2.0426000e+04
   2.1819000e+04
   2.3025000e+04
   2.1874000e+04
   2.1119000e+04
   2.3047000e+04
   2.2957000e+04
   2.0519000e+04
   2.1252000e+04
   2.1472000e+04
   2.0892000e+04
   2.0583000e+04
   2.1460000e+04
   2.1370000e+04
   2.1763000e+04
   2.4073000e+04
   2.1014000e+04
   2.2632000e+04
   2.1351000e+04
   2.0804000e+04
   2.7034000e+04
   3.2084000e+04
   2.6211000e+04
   2.1899000e+04
   2.1630000e+04
   2.0795000e+04
   2.1321000e+04
   2.2050000e+04
   2.2067000e+04
   2.1234000e+04
   2.1878000e+04
   2.0643000e+04
   2.0903000e+04
   2.1709000e+04
   2.0758000e+04
   2.1629000e+04
   2.1629000e+04
   2.2989000e+04
   2.1920000e+04
   2.1230000e+04
   2.3504000e+04
   2.2099000e+04
   2.3194000e+04
   2.1630000e+04
   2.2313000e+04
   2.1652000e+04
   2.0261000e+04
   2.4554000e+04
   2.6450000e+04
   2.4896000e+04
   2.0520000e+04
   2.0364000e+04
   2.2027000e+04
   2.3049000e+04
   2.1802000e+04
   2.4633000e+04
   2.1660000e+04
   2.1010000e+04
   2.0827000e+04
   2.3008000e+04
   2.0890000e+04
   2.1484000e+04
   2.0693000e+04
   2.1219000e+04
   2.0652000e+04
   2.2244000e+04
   2.0447000e+04
   2.2522000e+04
   2.0730000e+04
   2.4302000e+04
   2.0532000e+04
   2.3191000e+04
   2.1801000e+04
   2.1411000e+04
   2.1561000e+04
   2.1946000e+04
   2.0966000e+04
   2.1405000e+04
   2.2311000e+04
   2.1314000e+04
   2.1955000e+04
   2.1692000e+04
   2.0549000e+04
   2.1246000e+04
   2.1003000e+04
   2.2052000e+04
   2.1094000e+04
   2.0732000e+04
   2.0341000e+04
   2.1167000e+04
   2.0732000e+04
   2.1449000e+04
   2.0532000e+04
   2.0301000e+04
   2.0903000e+04
   2.2133000e+04
   2.0240000e+04
   2.0771000e+04
   2.1709000e+04
   2.0940000e+04
   2.1947000e+04
   2.0893000e+04
   2.0459000e+04
   2.1831000e+04
   2.0296000e+04
   1.9617000e+04
   1.9549000e+04
   2.0336000e+04
   2.0235000e+04
   2.0531000e+04
   2.0186000e+04
   1.9908000e+04
   1.9845000e+04
   2.0228000e+04
   2.0103000e+04
   2.1793000e+04
   1.9742000e+04
   2.0203000e+04
   2.0017000e+04
   2.0114000e+04
   1.9797000e+04
   2.0213000e+04
   1.9771000e+04
   1.9774000e+04
   1.9612000e+04
   2.0060000e+04
   2.0385000e+04
   2.0264000e+04
   1.9982000e+04
   1.9797000e+04
   2.0104000e+04
   2.0513000e+04
   2.1711000e+04
   1.9810000e+04
   1.9653000e+04
   1.9782000e+04
   2.0062000e+04
   1.9652000e+04
   1.9632000e+04
   2.0226000e+04
   1.9979000e+04
   1.9791000e+04
   2.0155000e+04
   1.9596000e+04
   1.9714000e+04
   2.0003000e+04
   2.0682000e+04
   1.9688000e+04
   2.0436000e+04
   1.9805000e+04
   1.9707000e+04
   1.9718000e+04
   2.1411000e+04
   1.9950000e+04
   1.9933000e+04
   2.2815000e+04
   1.9679000e+04
   1.9706000e+04
   1.9495000e+04
   1.9806000e+04
   1.9573000e+04
   1.9787000e+04
   1.9789000e+04
   1.9807000e+04
   1.9719000e+04
   1.9585000e+04
   1.9555000e+04
   1.9839000e+04
   1.9609000e+04
   2.0065000e+04
   1.9585000e+04
   1.9575000e+04
   1.9629000e+04
   1.9952000e+04
   1.9807000e+04
   1.9710000e+04
   1.9837000e+04
   2.0562000e+04
   1.9724000e+04
   1.9935000e+04
   1.9489000e+04
   1.9950000e+04
   1.9641000e+04
   1.9770000e+04
   1.9532000e+04
   2.0000000e+04
   1.9507000e+04
   1.9722000e+04
   1.9692000e+04
   1.9566000e+04
   1.9597000e+04
   2.0027000e+04
   2.2373000e+04
   2.2842000e+04
   2.1593000e+04
   2.4045000e+04
   2.2570000e+04
   2.3205000e+04
   2.3206000e+04
   1.9537000e+04
   1.9814000e+04
   1.9556000e+04
   1.9813000e+04
   2.0032000e+04
   2.0402000e+04
   1.9521000e+04
   1.9548000e+04
   1.9733000e+04
   1.9653000e+04
   1.9994000e+04
   1.9793000e+04
   1.9692000e+04
   1.9608000e+04
   1.9548000e+04
   1.9632000e+04
   1.9506000e+04
   2.0045000e+04
   1.9621000e+04
   1.9609000e+04
   1.9831000e+04
   1.9594000e+04
   1.9934000e+04
   2.1416000e+04
   2.3718000e+04
   2.3693000e+04
   2.1644000e+04
   2.1862000e+04
   2.3082000e+04
   2.3093000e+04
   2.2167000e+04
   2.4868000e+04
   2.2173000e+04
   2.3203000e+04
   2.3325000e+04
   2.2408000e+04
   1.9763000e+04
   1.9590000e+04
   2.0279000e+04
   1.9578000e+04
   1.9690000e+04
   2.0062000e+04
   1.9630000e+04
   1.9533000e+04
   1.9864000e+04
   1.9939000e+04
   1.9700000e+04
   1.9574000e+04
   1.9511000e+04
   1.9568000e+04
   1.9623000e+04
   2.0067000e+04
   1.9752000e+04
   1.9907000e+04
   1.9578000e+04
   2.0101000e+04
   1.9531000e+04
   2.0054000e+04
   2.0075000e+04
   2.0001000e+04
   1.9575000e+04
   2.0065000e+04
   1.9906000e+04
   1.9562000e+04
   1.9756000e+04
   2.0008000e+04
   1.9615000e+04
   1.9548000e+04
   2.0045000e+04
   2.0354000e+04
   1.9733000e+04
   1.9660000e+04
   1.9571000e+04
   1.9540000e+04
   2.0519000e+04
   1.9841000e+04
   1.9997000e+04
   2.0157000e+04
   1.9585000e+04
   2.0081000e+04
   1.9525000e+04
   2.2924000e+04
   2.2419000e+04
   2.3268000e+04
   2.2236000e+04
   2.3525000e+04
   2.1675000e+04
   2.3351000e+04
   2.3855000e+04
   2.3605000e+04
   2.1672000e+04
   1.9612000e+04
   1.9602000e+04
   1.9725000e+04
   1.9986000e+04
   1.9608000e+04
   1.9549000e+04
   1.9977000e+04
   1.9855000e+04
   1.9957000e+04
   1.9684000e+04
   1.9675000e+04
   1.9543000e+04
   1.9545000e+04
   1.9970000e+04
   2.0022000e+04
   1.9519000e+04
   1.9614000e+04
   1.9867000e+04
   1.9605000e+04
   1.9718000e+04
   1.9774000e+04
   1.9601000e+04
   1.9670000e+04
   1.9953000e+04
   2.0066000e+04
   1.9641000e+04
   1.9695000e+04
   1.9611000e+04
   1.9607000e+04
   1.9551000e+04
   1.9634000e+04
   2.0003000e+04
   1.9721000e+04
   1.9565000e+04
   1.9686000e+04
   1.9580000e+04
   1.9731000e+04
   1.9635000e+04
   2.0344000e+04
   1.9924000e+04
   1.9662000e+04
   1.9627000e+04
   1.9509000e+04
   1.9823000e+04
   1.9750000e+04
   1.9783000e+04
   1.9574000e+04
   2.0035000e+04
   1.9577000e+04
   1.9955000e+04
   2.0283000e+04
   1.9560000e+04
   1.9700000e+04
   1.9803000e+04
   1.9588000e+04
   2.0114000e+04
   2.0273000e+04
   1.9959000e+04
   2.0132000e+04
   1.9852000e+04
   1.9662000e+04
   1.9619000e+04
   2.0199000e+04
   1.9610000e+04
   1.9881000e+04
   1.9779000e+04
   2.0059000e+04
   1.9623000e+04
   1.9716000e+04
   2.0035000e+04
   2.0090000e+04
   1.9710000e+04
   1.9848000e+04
   2.0143000e+04
   1.9771000e+04
   1.9980000e+04
   1.9562000e+04
   1.9595000e+04
   1.9851000e+04
   2.0096000e+04
   1.9959000e+04
   1.9590000e+04
   1.9771000e+04
   1.9587000e+04
   1.9580000e+04
   2.0034000e+04
   2.0459000e+04
   1.9778000e+04
   1.9708000e+04
   1.9762000e+04
   1.9735000e+04
   1.9580000e+04
   2.0113000e+04
   1.9573000e+04
   1.9766000e+04
   1.9602000e+04
   1.9906000e+04
   1.9619000e+04
   1.9728000e+04
   1.9738000e+04
   1.9602000e+04
   1.9915000e+04
   2.0306000e+04
   1.9722000e+04
   1.9587000e+04
   1.9729000e+04
   1.9589000e+04
   1.9630000e+04
   1.9797000e+04
   1.9597000e+04
   2.2767000e+04
   2.1629000e+04
   2.4052000e+04
   2.1074000e+04
   2.2249000e+04
   2.2273000e+04
   2.3634000e+04
   2.2050000e+04
   2.2219000e+04
   2.3354000e+04
   2.2276000e+04
   2.3315000e+04
   1.9923000e+04
   1.9613000e+04
   1.9959000e+04
   1.9560000e+04
   1.9758000e+04
   2.0121000e+04
   2.0035000e+04
   1.9531000e+04
   2.0007000e+04
   1.9685000e+04
   1.9702000e+04
   1.9958000e+04
   1.9546000e+04
   1.9651000e+04
   1.9583000e+04
   1.9972000e+04
   1.9657000e+04
   2.0297000e+04
   2.0192000e+04
   2.0503000e+04
   2.1367000e+04
   2.0629000e+04
   1.9807000e+04
   2.0102000e+04
   1.9650000e+04
   1.9628000e+04
   1.9901000e+04
   2.0121000e+04
   1.9992000e+04
   1.9683000e+04
   1.9643000e+04
   1.9789000e+04
   2.0017000e+04
   1.9819000e+04
   1.9613000e+04
   2.0050000e+04
   1.9839000e+04
   1.9871000e+04
   1.9551000e+04
   1.9633000e+04
   1.9744000e+04
   1.9806000e+04
   1.9689000e+04
   1.9598000e+04
   1.9842000e+04
   1.9622000e+04
   1.9922000e+04
   2.0171000e+04
   2.0068000e+04
   1.9882000e+04
   1.9584000e+04
   1.9764000e+04
   1.9939000e+04
   1.9791000e+04
   1.9642000e+04
   1.9985000e+04
   1.9859000e+04
   1.9743000e+04
   1.9544000e+04
   1.9628000e+04
   1.9692000e+04
   2.0126000e+04
   2.0089000e+04
   1.9613000e+04
   1.9626000e+04
   1.9629000e+04
   1.9860000e+04
   1.9743000e+04
   2.0153000e+04
   1.9615000e+04
   1.9643000e+04
   1.9654000e+04
   1.9859000e+04
   1.9685000e+04
   1.9997000e+04
   1.9540000e+04
   1.9608000e+04
   1.9672000e+04
   2.0177000e+04
   2.0019000e+04
   1.9592000e+04
   1.9557000e+04
   1.9660000e+04
   1.9665000e+04
   1.9887000e+04
   1.9865000e+04
   1.9578000e+04
   1.9811000e+04
   2.0244000e+04
   1.9537000e+04
   1.9877000e+04
   1.9814000e+04
   1.9687000e+04
   1.9613000e+04
   1.9644000e+04
   1.9883000e+04
   1.9777000e+04
   1.9743000e+04
   2.0181000e+04
   2.1101000e+04
   2.0354000e+04
   2.0377000e+04
   2.0944000e+04
   2.0545000e+04
   2.0875000e+04
   2.1214000e+04
   2.2703000e+04
   2.1714000e+04
   2.2565000e+04
   2.3395000e+04
   2.1614000e+04
   2.1030000e+04
   2.1598000e+04
   2.1191000e+04
   2.1955000e+04
   2.1865000e+04
   2.0772000e+04
   2.0703000e+04
   2.1872000e+04
   1.9860000e+04
   1.9802000e+04
   1.9576000e+04
   1.9771000e+04
   1.9902000e+04
   1.9954000e+04
   2.0142000e+04
   1.9778000e+04
   2.0385000e+04
   1.9778000e+04
   1.9774000e+04
   2.1018000e+04
   1.9759000e+04
   1.9656000e+04
   1.9607000e+04
   1.9911000e+04
   1.9573000e+04
   2.2904000e+04
   2.3264000e+04
   2.2563000e+04
   2.2748000e+04
   2.3127000e+04
   2.3690000e+04
   2.2492000e+04
   2.5379000e+04
   1.9656000e+04
   1.9646000e+04
   1.9771000e+04
   1.9738000e+04
   1.9677000e+04
   1.9697000e+04
   1.9650000e+04
   1.9771000e+04
   1.9567000e+04
