   5.4930000e+03
   5.8180000e+03
   6.4030000e+03
   6.2080000e+03
   5.1290000e+03
   5.4100000e+03
   5.6400000e+03
   6.8950000e+03
   5.6070000e+03
   5.5390000e+03
   5.2110000e+03
   6.0050000e+03
   5.6320000e+03
   5.3760000e+03
   5.6830000e+03
   5.5860000e+03
   5.3210000e+03
   5.4110000e+03
   5.7650000e+03
   5.7470000e+03
   5.3040000e+03
   5.7420000e+03
   5.4460000e+03
   7.9190000e+03
   5.2140000e+03
   5.1990000e+03
   5.1430000e+03
   5.2790000e+03
   5.2620000e+03
   5.5610000e+03
   5.2380000e+03
   3.3927000e+04
   5.4020000e+03
   5.3300000e+03
   9.0730000e+03
   5.6780000e+03
   5.6620000e+03
   5.6040000e+03
   5.1050000e+03
   5.2280000e+03
   5.1020000e+03
   8.6590000e+03
   5.2230000e+03
   5.8630000e+03
   5.2420000e+03
   5.1980000e+03
   5.3080000e+03
   5.3150000e+03
   5.3310000e+03
   5.3730000e+03
   7.4970000e+03
   5.7320000e+03
   5.8140000e+03
   7.4060000e+03
   5.7070000e+03
   5.1270000e+03
   5.4930000e+03
   5.5650000e+03
   5.5720000e+03
   5.2680000e+03
   5.5940000e+03
   5.2510000e+03
   5.2590000e+03
   5.5720000e+03
   5.2830000e+03
   5.4020000e+03
   5.4360000e+03
   5.4480000e+03
   5.5720000e+03
   5.5740000e+03
   5.9080000e+03
   5.6340000e+03
   5.7140000e+03
   5.4180000e+03
   5.4660000e+03
   5.4340000e+03
   5.6680000e+03
   2.3240000e+04
   5.1600000e+03
   5.1190000e+03
   5.4750000e+03
   5.4870000e+03
   5.6450000e+03
   5.4080000e+03
   5.4490000e+03
   5.1490000e+03
   5.0750000e+03
   5.4910000e+03
   5.2250000e+03
   5.1170000e+03
   5.0440000e+03
   5.1530000e+03
   5.1730000e+03
   5.1400000e+03
   5.1420000e+03
   5.0950000e+03
   5.1320000e+03
   5.4130000e+03
   2.3886000e+04
   5.1270000e+03
   5.0770000e+03
   5.0290000e+03
   5.1400000e+03
   5.0870000e+03
   5.0760000e+03
   5.0850000e+03
   5.1580000e+03
   5.4720000e+03
   5.1110000e+03
   5.5000000e+03
   5.2360000e+03
   5.9300000e+03
   5.5640000e+03
   7.0400000e+03
   5.4410000e+03
   5.6510000e+03
   5.8760000e+03
   5.3010000e+03
   5.3250000e+03
   5.7420000e+03
   5.1560000e+03
   5.1020000e+03
   5.1020000e+03
   5.1090000e+03
   5.7280000e+03
   5.2730000e+03
   5.8850000e+03
   5.5300000e+03
   5.5120000e+03
   5.4860000e+03
   5.4260000e+03
   5.1990000e+03
   5.2120000e+03
   5.2260000e+03
   5.2130000e+03
   5.2440000e+03
   5.2830000e+03
   5.4570000e+03
   5.4670000e+03
   5.5170000e+03
   5.5650000e+03
   5.5120000e+03
   5.1050000e+03
   5.4000000e+03
   5.1610000e+03
   5.1040000e+03
   6.0290000e+03
   5.1190000e+03
   5.0910000e+03
   5.8840000e+03
   5.1000000e+03
   8.6680000e+03
   5.5130000e+03
   5.2390000e+03
   5.1890000e+03
   5.2550000e+03
   5.6140000e+03
   5.2080000e+03
   5.2100000e+03
   5.1660000e+03
   5.1580000e+03
   5.2110000e+03
   5.1870000e+03
   5.5570000e+03
   5.2460000e+03
   5.5560000e+03
   5.2210000e+03
   5.2010000e+03
   5.2630000e+03
   5.2310000e+03
   5.1670000e+03
   5.1910000e+03
   5.2600000e+03
   8.5320000e+03
   5.6670000e+03
   5.6450000e+03
   5.4380000e+03
   5.4720000e+03
   5.4430000e+03
   5.5870000e+03
   5.9230000e+03
   5.9290000e+03
   8.9900000e+03
   6.5260000e+03
   5.9860000e+03
   5.5090000e+03
   5.7140000e+03
   6.5920000e+03
   5.9080000e+03
   5.9180000e+03
   5.3190000e+03
   6.3050000e+03
   6.4000000e+03
   5.6940000e+03
   5.9580000e+03
   5.1700000e+03
   6.2790000e+03
   5.2360000e+03
   5.4520000e+03
   5.7570000e+03
   6.2150000e+03
   5.4300000e+03
   5.3150000e+03
   5.3350000e+03
   5.3750000e+03
   5.4280000e+03
   5.6160000e+03
   5.6170000e+03
   5.3810000e+03
   5.3340000e+03
   6.3270000e+03
   5.4700000e+03
   5.7790000e+03
   5.8190000e+03
   5.5120000e+03
   5.4870000e+03
   5.4990000e+03
   5.5240000e+03
   5.6320000e+03
   5.4860000e+03
   6.3510000e+03
   5.5160000e+03
   6.8300000e+03
   5.4810000e+03
   5.5450000e+03
   5.5290000e+03
   5.4910000e+03
   5.8950000e+03
   5.5290000e+03
   6.2950000e+03
   5.6360000e+03
   5.6400000e+03
   5.5390000e+03
   5.7530000e+03
   5.6020000e+03
   5.8080000e+03
   6.4560000e+03
   6.6140000e+03
   5.4910000e+03
   5.4120000e+03
   5.9110000e+03
   6.2310000e+03
   5.3980000e+03
   5.4090000e+03
   5.3620000e+03
   5.3420000e+03
   5.4630000e+03
   5.3940000e+03
   5.3660000e+03
   8.2920000e+03
   5.3440000e+03
   5.4410000e+03
   5.3540000e+03
   5.3690000e+03
   5.3560000e+03
   5.3920000e+03
   5.3550000e+03
   5.3420000e+03
   5.8330000e+03
   5.4610000e+03
   5.3910000e+03
   5.3640000e+03
   5.3650000e+03
   5.3970000e+03
   5.3880000e+03
   5.4150000e+03
   5.4680000e+03
   5.3890000e+03
   5.4470000e+03
   5.3710000e+03
   5.4100000e+03
   5.3510000e+03
   5.3980000e+03
   5.4670000e+03
   5.6540000e+03
   5.3600000e+03
   5.7160000e+03
   5.3890000e+03
   5.4740000e+03
   5.3970000e+03
   6.1380000e+03
   5.6430000e+03
   5.7510000e+03
   5.7780000e+03
   5.9250000e+03
   5.6200000e+03
   5.4730000e+03
   5.3930000e+03
   5.6460000e+03
   5.6780000e+03
   5.4440000e+03
   5.3850000e+03
   8.8520000e+03
   5.4730000e+03
   6.1450000e+03
   5.5230000e+03
   5.5220000e+03
   9.2250000e+03
   5.2110000e+03
   5.1590000e+03
   5.4840000e+03
   5.1470000e+03
   5.2130000e+03
   5.1730000e+03
   5.1820000e+03
   5.5480000e+03
   5.4970000e+03
   5.1840000e+03
   5.2140000e+03
   5.1860000e+03
   5.2050000e+03
   5.2150000e+03
   5.2480000e+03
   5.5670000e+03
   7.4010000e+03
   5.3420000e+03
   5.3440000e+03
   5.3410000e+03
   7.3920000e+03
   5.8040000e+03
   5.8270000e+03
   5.4800000e+03
   5.4590000e+03
   5.8020000e+03
   5.0770000e+03
   5.4850000e+03
   5.3730000e+03
   5.0760000e+03
   7.0270000e+03
   5.1910000e+03
   6.9000000e+03
   5.2630000e+03
   5.2340000e+03
   5.2580000e+03
   8.6810000e+03
   5.3670000e+03
   5.3600000e+03
   5.6920000e+03
   5.8680000e+03
   2.3077000e+04
   5.4110000e+03
   5.1160000e+03
   5.4430000e+03
   8.6990000e+03
   5.3340000e+03
   5.6090000e+03
   5.3340000e+03
   5.3770000e+03
   5.3560000e+03
   5.3600000e+03
   5.3210000e+03
   5.2870000e+03
   5.3000000e+03
   5.3510000e+03
   5.6450000e+03
   5.3170000e+03
   5.2880000e+03
   5.3230000e+03
   5.3240000e+03
   5.3060000e+03
   5.3010000e+03
   5.2990000e+03
   6.0570000e+03
   5.8130000e+03
   5.4620000e+03
   5.5480000e+03
   5.4720000e+03
   5.2840000e+03
   5.0480000e+03
   4.9960000e+03
   5.0810000e+03
   5.3290000e+03
   5.0240000e+03
   5.0360000e+03
   5.3290000e+03
   5.4420000e+03
   5.0370000e+03
   5.1190000e+03
   5.3840000e+03
   5.0440000e+03
   5.0300000e+03
   5.0490000e+03
   5.0990000e+03
   5.4990000e+03
   5.1600000e+03
   5.1490000e+03
   5.1670000e+03
   5.3810000e+03
   5.5400000e+03
   5.8310000e+03
   6.2730000e+03
   5.0260000e+03
   5.0670000e+03
   5.4050000e+03
   5.0510000e+03
   5.0650000e+03
   5.1490000e+03
   5.0500000e+03
   5.4610000e+03
   5.0640000e+03
   5.0270000e+03
   5.0410000e+03
   5.3740000e+03
   5.0500000e+03
   5.0430000e+03
   5.0280000e+03
   5.3970000e+03
   5.4330000e+03
   5.0620000e+03
   5.0130000e+03
   5.0500000e+03
   5.0200000e+03
   5.3180000e+03
   5.3440000e+03
   5.3380000e+03
   5.3590000e+03
   5.5510000e+03
   5.4840000e+03
   5.8160000e+03
   5.4870000e+03
   5.5130000e+03
   5.4010000e+03
   5.6330000e+03
   5.3890000e+03
   5.4240000e+03
   5.0650000e+03
   5.0760000e+03
   5.6080000e+03
   5.6620000e+03
   5.0460000e+03
   5.0710000e+03
   5.4360000e+03
   5.8690000e+03
   5.0840000e+03
   5.0790000e+03
   5.0680000e+03
   5.0430000e+03
   5.0510000e+03
   5.0860000e+03
   5.8320000e+03
   5.4630000e+03
   5.1110000e+03
   5.0650000e+03
   5.0610000e+03
   6.0560000e+03
   6.0130000e+03
   5.2590000e+03
   5.0210000e+03
   5.5700000e+03
   5.2570000e+03
   5.5700000e+03
   5.2260000e+03
   5.2720000e+03
   5.2670000e+03
   5.3550000e+03
   7.6200000e+03
   6.0600000e+03
   8.2220000e+03
   8.6690000e+03
   8.2380000e+03
   8.2410000e+03
   8.2050000e+03
   8.2750000e+03
   8.6970000e+03
   8.1900000e+03
   8.2570000e+03
   8.2180000e+03
   8.2340000e+03
   8.2180000e+03
   8.1760000e+03
   8.2020000e+03
   8.2490000e+03
   8.6150000e+03
   8.2630000e+03
   8.1890000e+03
   8.2150000e+03
   8.6310000e+03
   8.2190000e+03
   8.2200000e+03
   8.6720000e+03
   8.7060000e+03
   8.2140000e+03
   8.2620000e+03
   8.1550000e+03
   8.2080000e+03
   8.1860000e+03
   8.2340000e+03
   8.6210000e+03
   8.2880000e+03
   8.2180000e+03
   8.2430000e+03
   8.2250000e+03
   8.1970000e+03
   9.0230000e+03
   8.2400000e+03
   8.2330000e+03
   8.2110000e+03
   8.3090000e+03
   8.8040000e+03
   8.3340000e+03
   8.2500000e+03
   8.2240000e+03
   8.2870000e+03
   8.2810000e+03
   8.2900000e+03
   8.2730000e+03
   8.4530000e+03
   8.7550000e+03
   8.8320000e+03
   8.3770000e+03
   8.7950000e+03
   8.3000000e+03
   8.3290000e+03
   8.7840000e+03
   8.7280000e+03
   8.2720000e+03
   8.8690000e+03
   8.4500000e+03
   8.7380000e+03
