   5.0574000e+04
   4.8420000e+04
   5.1365000e+04
   5.1221000e+04
   5.5817000e+04
   5.3493000e+04
   5.7328000e+04
   5.2447000e+04
   5.1707000e+04
   4.4118000e+04
   4.4910000e+04
   4.5849000e+04
   4.5923000e+04
   4.5027000e+04
   4.4329000e+04
   4.4117000e+04
   4.5344000e+04
   4.6031000e+04
   6.1275000e+04
   4.4167000e+04
   4.5458000e+04
   4.3719000e+04
   4.3683000e+04
   4.4454000e+04
   4.4867000e+04
   4.3939000e+04
   4.3926000e+04
   4.4145000e+04
   4.3956000e+04
   4.4258000e+04
   4.4139000e+04
   4.4279000e+04
   4.2678000e+04
   4.2876000e+04
   4.3904000e+04
   4.4990000e+04
   4.5988000e+04
   4.4990000e+04
   4.6368000e+04
   4.6171000e+04
   4.7272000e+04
   4.7474000e+04
   5.0663000e+04
   4.3245000e+04
   4.3105000e+04
   4.3173000e+04
   4.3401000e+04
   4.3080000e+04
   4.5151000e+04
   4.4053000e+04
   4.3014000e+04
   4.3518000e+04
   4.8427000e+04
   4.3864000e+04
   4.4170000e+04
   4.4251000e+04
   4.4658000e+04
   4.4151000e+04
   4.4636000e+04
   4.7233000e+04
   4.7742000e+04
   4.8042000e+04
   6.8973000e+04
   4.8652000e+04
   4.5275000e+04
   4.5666000e+04
   5.0281000e+04
   4.6385000e+04
   4.6474000e+04
   4.7758000e+04
   4.7938000e+04
   4.8224000e+04
   4.3586000e+04
   4.3735000e+04
   4.5526000e+04
   4.3109000e+04
   4.3119000e+04
   4.3198000e+04
   4.3070000e+04
   4.3980000e+04
   4.4013000e+04
   5.7588000e+04
   4.4796000e+04
   4.7467000e+04
   5.0725000e+04
   4.4618000e+04
   4.5934000e+04
   4.3376000e+04
   4.4193000e+04
   4.3168000e+04
   4.3718000e+04
   4.2816000e+04
   4.3505000e+04
   4.3867000e+04
   4.2953000e+04
   4.3583000e+04
   4.2829000e+04
   4.4012000e+04
   4.6048000e+04
   4.6260000e+04
   4.9031000e+04
   4.2887000e+04
   4.2652000e+04
   4.2546000e+04
   4.3720000e+04
   4.2651000e+04
   4.2890000e+04
   4.2794000e+04
   4.2949000e+04
   4.2748000e+04
   4.2821000e+04
   4.2517000e+04
   4.2860000e+04
   4.3854000e+04
   4.3937000e+04
   4.3734000e+04
   4.3796000e+04
   4.3930000e+04
   4.3890000e+04
   4.4203000e+04
   4.4710000e+04
   4.5082000e+04
   4.5113000e+04
   4.6591000e+04
   4.5573000e+04
   4.9349000e+04
   5.1411000e+04
   4.3947000e+04
   4.3045000e+04
   4.6130000e+04
   4.6509000e+04
   4.9079000e+04
   4.3055000e+04
   4.2942000e+04
   4.3369000e+04
   4.4482000e+04
   4.4147000e+04
   4.8305000e+04
   5.3764000e+04
   4.6484000e+04
   4.6381000e+04
   4.5912000e+04
   4.6150000e+04
   4.7616000e+04
   4.9997000e+04
   4.4442000e+04
   4.3660000e+04
   4.3305000e+04
   4.3249000e+04
   4.3745000e+04
   4.4107000e+04
   4.4759000e+04
   4.4167000e+04
   4.4331000e+04
   4.3871000e+04
   4.4802000e+04
   4.3953000e+04
   4.3859000e+04
   4.3944000e+04
   4.3864000e+04
   4.4477000e+04
   4.3933000e+04
   4.3872000e+04
   4.3697000e+04
   4.3823000e+04
   4.3566000e+04
   4.4419000e+04
   4.3841000e+04
   4.5748000e+04
   4.5302000e+04
   4.5285000e+04
   4.6416000e+04
   4.5127000e+04
   4.6312000e+04
   4.6327000e+04
   4.7557000e+04
   4.9335000e+04
   4.8495000e+04
   4.7845000e+04
   5.1215000e+04
   4.3860000e+04
   7.9348000e+04
   5.1688000e+04
   5.2170000e+04
   5.1791000e+04
   4.9265000e+04
   5.1554000e+04
   5.1352000e+04
   4.9706000e+04
   4.8861000e+04
   5.1211000e+04
   4.9381000e+04
   4.9975000e+04
   4.9575000e+04
   4.9901000e+04
   4.4956000e+04
   4.5709000e+04
   4.6269000e+04
   4.6082000e+04
   4.6026000e+04
   4.5429000e+04
   4.5625000e+04
   4.6991000e+04
   4.5643000e+04
   4.5553000e+04
   4.6100000e+04
   4.7826000e+04
   4.6245000e+04
   5.0496000e+04
   4.7609000e+04
   4.7358000e+04
   4.6921000e+04
   4.7612000e+04
   4.7268000e+04
   4.7685000e+04
   4.7235000e+04
   4.7603000e+04
   4.7241000e+04
   4.7689000e+04
   4.6920000e+04
   4.6913000e+04
   4.7776000e+04
   4.7098000e+04
   4.6577000e+04
   4.7500000e+04
   4.7439000e+04
   4.6946000e+04
   4.7759000e+04
   4.8882000e+04
   4.7418000e+04
   4.6930000e+04
   4.7974000e+04
   4.7417000e+04
   4.6979000e+04
   5.2019000e+04
   4.8177000e+04
   7.7465000e+04
   5.2477000e+04
   6.1878000e+04
   6.4356000e+04
   8.2460000e+04
   9.0469000e+04
   5.1565000e+04
   5.5412000e+04
   5.2801000e+04
   5.5791000e+04
   5.6884000e+04
   4.6521000e+04
   4.5682000e+04
   4.5805000e+04
   4.6273000e+04
   4.6790000e+04
   4.5836000e+04
   4.6796000e+04
   4.5930000e+04
   4.5455000e+04
   4.5950000e+04
   4.5936000e+04
   4.6436000e+04
   4.6338000e+04
   4.8842000e+04
   4.6411000e+04
   4.6200000e+04
   4.5875000e+04
   4.6539000e+04
   4.5754000e+04
   4.6009000e+04
   4.5746000e+04
   4.6201000e+04
   4.6324000e+04
   4.5883000e+04
   4.6386000e+04
   4.6545000e+04
   4.6892000e+04
   4.7656000e+04
   4.7043000e+04
   4.6283000e+04
   4.5979000e+04
   4.9513000e+04
   4.8457000e+04
   4.9582000e+04
   4.7585000e+04
   4.9557000e+04
   4.8073000e+04
   4.7486000e+04
   4.7471000e+04
   4.7891000e+04
   5.2042000e+04
   4.5659000e+04
   4.5615000e+04
   4.6645000e+04
   4.6854000e+04
   4.7201000e+04
   4.8176000e+04
   4.1582000e+04
   4.5736000e+04
   4.3175000e+04
   4.3286000e+04
   4.3283000e+04
   4.3587000e+04
   4.3345000e+04
   4.2990000e+04
   4.2957000e+04
   4.3161000e+04
   4.3330000e+04
   4.3041000e+04
   4.4039000e+04
   4.3159000e+04
   4.2840000e+04
   4.3244000e+04
   4.3205000e+04
   4.3233000e+04
   4.4197000e+04
   4.3027000e+04
   4.3053000e+04
   4.3621000e+04
   4.3083000e+04
   4.3043000e+04
   4.3586000e+04
   4.4867000e+04
   4.3193000e+04
   4.4452000e+04
   4.7135000e+04
   4.6424000e+04
   4.3789000e+04
   4.3449000e+04
   4.3284000e+04
   4.3671000e+04
   4.3162000e+04
   4.3335000e+04
   4.4222000e+04
   4.3737000e+04
   4.3427000e+04
   4.4324000e+04
   4.5399000e+04
   4.5317000e+04
   4.6883000e+04
   4.6955000e+04
   4.6587000e+04
   4.8620000e+04
   4.2824000e+04
   4.6211000e+04
   4.3037000e+04
   4.3100000e+04
   4.4209000e+04
   4.4331000e+04
   4.4392000e+04
   4.8616000e+04
   4.5675000e+04
   4.6456000e+04
   4.5326000e+04
   4.5416000e+04
   4.5223000e+04
   4.5375000e+04
   4.5764000e+04
   4.5420000e+04
   4.5704000e+04
   4.5057000e+04
   4.5023000e+04
   4.5206000e+04
   4.6468000e+04
   4.6479000e+04
   4.7611000e+04
   4.6570000e+04
   4.9211000e+04
   4.2525000e+04
   4.2552000e+04
   4.3737000e+04
   4.2284000e+04
   4.3577000e+04
   4.2551000e+04
   4.3354000e+04
   4.3398000e+04
   4.3408000e+04
   4.2794000e+04
   4.2237000e+04
   4.2614000e+04
   4.3482000e+04
   4.3038000e+04
   4.2963000e+04
   4.4279000e+04
   4.3114000e+04
   4.4424000e+04
   4.4482000e+04
   4.5639000e+04
   4.7135000e+04
   4.7588000e+04
   4.6624000e+04
   4.6728000e+04
   4.7264000e+04
   4.7111000e+04
   4.7156000e+04
   4.2327000e+04
   4.2683000e+04
   4.3318000e+04
   4.1783000e+04
   4.3802000e+04
   4.2191000e+04
   4.2547000e+04
   4.2596000e+04
   4.2124000e+04
   4.2008000e+04
   4.2595000e+04
   4.3301000e+04
   4.2085000e+04
   4.2587000e+04
   4.2519000e+04
   4.3072000e+04
   4.4073000e+04
   4.5341000e+04
   4.5321000e+04
   4.6785000e+04
   4.6593000e+04
   4.6690000e+04
   4.6922000e+04
   5.7198000e+04
   4.2430000e+04
   4.3994000e+04
   4.2365000e+04
   4.2569000e+04
   4.2559000e+04
   4.2846000e+04
   4.4234000e+04
   4.3251000e+04
   4.2996000e+04
   4.2461000e+04
   4.2850000e+04
   4.2922000e+04
   4.3183000e+04
   4.3612000e+04
   4.2138000e+04
   4.2650000e+04
   4.3400000e+04
   4.2842000e+04
   4.6358000e+04
   4.4215000e+04
   4.2504000e+04
   4.2955000e+04
   4.2389000e+04
   4.3975000e+04
   4.4015000e+04
   4.4107000e+04
   4.4341000e+04
   4.4023000e+04
   4.5159000e+04
   4.6142000e+04
   9.6164000e+04
   7.9181000e+04
   7.7162000e+04
   7.6883000e+04
   7.9941000e+04
   7.8241000e+04
   7.9374000e+04
   7.9034000e+04
   7.7018000e+04
   7.7829000e+04
   7.8023000e+04
   7.6793000e+04
   7.7187000e+04
   7.7452000e+04
   7.6849000e+04
   7.8838000e+04
   7.7223000e+04
   7.7433000e+04
   7.8684000e+04
   7.6757000e+04
   7.6324000e+04
   7.9143000e+04
   7.6855000e+04
   7.7200000e+04
   7.7824000e+04
   7.6751000e+04
   7.7195000e+04
   8.2485000e+04
   7.7012000e+04
   7.7321000e+04
   7.7639000e+04
   7.7020000e+04
   7.8274000e+04
   7.7125000e+04
   7.8007000e+04
   7.8960000e+04
   7.7339000e+04
   7.7116000e+04
   7.7039000e+04
   7.7273000e+04
   7.8009000e+04
   7.8947000e+04
   7.7591000e+04
   7.7021000e+04
   7.7625000e+04
   7.8469000e+04
   7.8473000e+04
   7.7432000e+04
   7.7746000e+04
   7.7758000e+04
   7.7617000e+04
   7.7951000e+04
   7.7795000e+04
   7.7694000e+04
   7.8133000e+04
   7.8489000e+04
   7.8292000e+04
   7.8778000e+04
   7.7752000e+04
   7.7748000e+04
   7.7938000e+04
   7.8012000e+04
   7.7895000e+04
   7.9734000e+04
   7.8781000e+04
   8.2513000e+04
   7.9255000e+04
   7.9406000e+04
   8.0468000e+04
   7.8521000e+04
   7.8368000e+04
   7.9880000e+04
