   1.0350000e+03
   1.0310000e+03
   1.0330000e+03
   1.0310000e+03
   1.0380000e+03
   1.0300000e+03
   1.1950000e+03
   1.1360000e+03
   1.0310000e+03
   1.0300000e+03
   1.0310000e+03
   1.0310000e+03
   1.1250000e+03
   1.0310000e+03
   1.0410000e+03
   1.0410000e+03
   1.0300000e+03
   1.0300000e+03
   1.2030000e+03
   1.0310000e+03
   1.0300000e+03
   1.0300000e+03
   1.0300000e+03
   1.0300000e+03
   1.0300000e+03
   1.0300000e+03
   1.1990000e+03
   1.0330000e+03
   1.0300000e+03
   1.0300000e+03
   1.0310000e+03
   1.1980000e+03
   1.0320000e+03
   1.0300000e+03
   1.0410000e+03
   1.0290000e+03
   1.0340000e+03
   1.0280000e+03
   1.0340000e+03
   1.0320000e+03
   1.1730000e+03
   1.0310000e+03
   1.0310000e+03
   1.0960000e+03
   1.0420000e+03
   1.0310000e+03
   1.0350000e+03
   1.0300000e+03
   1.0380000e+03
   1.0500000e+03
   1.0310000e+03
   1.0310000e+03
   1.0290000e+03
   1.0340000e+03
   1.1680000e+03
   1.0330000e+03
   1.0300000e+03
   1.0290000e+03
   1.0350000e+03
   1.0360000e+03
   1.0370000e+03
   1.0340000e+03
   1.0300000e+03
   1.0300000e+03
   1.0400000e+03
   1.0360000e+03
   1.0350000e+03
   1.0320000e+03
   1.0350000e+03
   1.0350000e+03
   1.0370000e+03
   1.0380000e+03
   1.0310000e+03
   1.0360000e+03
   1.0350000e+03
   1.0300000e+03
   1.0340000e+03
   1.0360000e+03
   1.0300000e+03
   1.0390000e+03
   1.0310000e+03
   1.0340000e+03
   1.0370000e+03
   1.0320000e+03
   1.0410000e+03
   1.0290000e+03
   1.0350000e+03
   1.0310000e+03
   1.0310000e+03
   1.0370000e+03
   1.0310000e+03
   1.0360000e+03
   1.0360000e+03
   1.0340000e+03
   1.1530000e+03
   1.0310000e+03
   1.0340000e+03
   1.0390000e+03
   1.0590000e+03
   1.0370000e+03
   1.0360000e+03
   1.0370000e+03
   1.1000000e+03
   1.0360000e+03
   1.0360000e+03
   1.0370000e+03
   1.0380000e+03
   1.0350000e+03
   1.0310000e+03
   1.0470000e+03
   1.0370000e+03
   1.0340000e+03
   1.0360000e+03
   1.1330000e+03
   1.0330000e+03
   1.0300000e+03
   1.0300000e+03
   1.0330000e+03
   1.0420000e+03
   1.0300000e+03
   1.0430000e+03
   1.0380000e+03
   1.0310000e+03
   1.0310000e+03
   1.0300000e+03
   1.0380000e+03
   1.0310000e+03
   1.0300000e+03
   1.0380000e+03
   1.0310000e+03
   1.0530000e+03
   1.0310000e+03
   1.0350000e+03
   1.0360000e+03
   1.0300000e+03
   1.0350000e+03
   1.0340000e+03
   1.0410000e+03
   1.0300000e+03
   1.0480000e+03
   1.0390000e+03
   1.0310000e+03
   1.0530000e+03
   1.0580000e+03
   1.0920000e+03
   1.0300000e+03
   1.0340000e+03
   1.0280000e+03
   1.0370000e+03
   1.0310000e+03
   1.0310000e+03
   1.0310000e+03
   1.0400000e+03
   1.0340000e+03
   1.1160000e+03
   1.0380000e+03
   1.0370000e+03
   1.0390000e+03
   1.0310000e+03
   1.1880000e+03
   1.0510000e+03
   1.0500000e+03
   1.0370000e+03
   1.0390000e+03
   1.0360000e+03
   1.0340000e+03
   1.0330000e+03
   1.0330000e+03
   1.0300000e+03
   1.0300000e+03
   1.0310000e+03
   1.0320000e+03
   1.0390000e+03
   1.0380000e+03
   1.0440000e+03
   1.0440000e+03
   1.0370000e+03
   1.0380000e+03
   1.0280000e+03
   1.1200000e+03
   1.0380000e+03
   1.0600000e+03
   1.0380000e+03
   1.0310000e+03
   1.0700000e+03
   1.0290000e+03
   1.0380000e+03
   1.0320000e+03
   1.0310000e+03
   1.0390000e+03
   1.0390000e+03
   1.0460000e+03
   1.0320000e+03
   1.0390000e+03
   1.0390000e+03
   1.0370000e+03
   1.0390000e+03
   1.1020000e+03
   1.0410000e+03
   1.0380000e+03
   1.0370000e+03
   1.0400000e+03
   1.0390000e+03
   1.0300000e+03
   1.1780000e+03
   1.0310000e+03
   1.1290000e+03
   1.0360000e+03
   1.0300000e+03
   1.0360000e+03
   1.0390000e+03
   1.0480000e+03
   1.0300000e+03
   1.0380000e+03
   1.0300000e+03
   1.1500000e+03
   1.0390000e+03
   1.0370000e+03
   1.0310000e+03
   1.1340000e+03
   1.0250000e+03
   1.0260000e+03
   1.0280000e+03
   1.0270000e+03
   1.0620000e+03
   1.0340000e+03
   1.0170000e+03
   1.0240000e+03
   1.0280000e+03
   1.6260000e+03
   1.0220000e+03
   1.1440000e+03
   1.0380000e+03
   1.0560000e+03
   1.0270000e+03
   1.0190000e+03
   1.0370000e+03
   1.0270000e+03
   1.1160000e+03
   1.0380000e+03
   1.0310000e+03
   1.0280000e+03
   1.1790000e+03
   1.0380000e+03
   1.0330000e+03
   1.0290000e+03
   1.0300000e+03
   1.0270000e+03
   1.0230000e+03
   1.0280000e+03
   1.0230000e+03
   1.0310000e+03
   1.0230000e+03
   1.0210000e+03
   1.0270000e+03
   1.0280000e+03
   1.0290000e+03
   1.0400000e+03
   1.0350000e+03
   1.0190000e+03
   1.0250000e+03
   1.0340000e+03
   1.0400000e+03
   1.0690000e+03
   1.0270000e+03
   1.0390000e+03
   1.0950000e+03
   1.0400000e+03
   1.0300000e+03
   1.0390000e+03
   1.1090000e+03
   1.1090000e+03
   1.0930000e+03
   1.0410000e+03
   1.0390000e+03
   1.0400000e+03
   1.0300000e+03
   1.0430000e+03
   1.0350000e+03
   1.2350000e+03
   1.0400000e+03
   1.0450000e+03
   1.0400000e+03
   1.0370000e+03
   1.0390000e+03
   1.0310000e+03
   1.0410000e+03
   1.0390000e+03
   1.0410000e+03
   1.0390000e+03
   1.0330000e+03
   1.0390000e+03
   1.0290000e+03
   1.0370000e+03
   1.0390000e+03
   1.0320000e+03
   1.1020000e+03
   1.0390000e+03
   1.0360000e+03
   1.0290000e+03
   1.0300000e+03
   1.0300000e+03
   1.0430000e+03
   1.0310000e+03
   1.0310000e+03
   1.0390000e+03
   1.0370000e+03
   1.0370000e+03
   1.0390000e+03
   1.0360000e+03
   1.0490000e+03
   1.0400000e+03
   1.0360000e+03
   1.0340000e+03
   1.0310000e+03
   1.0290000e+03
   1.0330000e+03
   1.0360000e+03
   1.0350000e+03
   1.0350000e+03
   1.0400000e+03
   1.0350000e+03
   1.0330000e+03
   1.0330000e+03
   1.0350000e+03
   1.0400000e+03
   1.0310000e+03
   1.0310000e+03
   1.0480000e+03
   1.0590000e+03
   1.0400000e+03
   1.0430000e+03
   1.0420000e+03
   1.0350000e+03
   1.0320000e+03
   1.2010000e+03
   1.0510000e+03
   1.0410000e+03
   1.0320000e+03
   1.0310000e+03
   1.0410000e+03
   1.0300000e+03
   1.0320000e+03
   1.0390000e+03
   1.1620000e+03
   1.0380000e+03
   1.0330000e+03
   1.0390000e+03
   1.0490000e+03
   1.0390000e+03
   1.0400000e+03
   1.0410000e+03
   1.0410000e+03
   1.0380000e+03
   1.2520000e+03
   1.0400000e+03
   1.0390000e+03
   1.0330000e+03
   1.0390000e+03
   1.0400000e+03
   1.0430000e+03
   1.0400000e+03
   1.0320000e+03
   1.0420000e+03
   1.0340000e+03
   1.0430000e+03
   1.0370000e+03
   1.2060000e+03
   1.0340000e+03
   1.0410000e+03
   1.0420000e+03
   1.0400000e+03
   1.0360000e+03
   1.0320000e+03
   1.0560000e+03
   1.0460000e+03
   1.0400000e+03
   1.0410000e+03
   1.0340000e+03
   1.0220000e+03
   1.0190000e+03
   1.0370000e+03
   1.0390000e+03
   1.0570000e+03
   1.1180000e+03
   1.0720000e+03
   1.0250000e+03
   1.0390000e+03
   1.0340000e+03
   1.0210000e+03
   1.0380000e+03
   1.0300000e+03
   1.0310000e+03
   1.0310000e+03
   1.0280000e+03
   1.0340000e+03
   1.0370000e+03
   1.0390000e+03
   1.0390000e+03
   1.0400000e+03
   1.0330000e+03
   1.0310000e+03
   1.0340000e+03
   1.0410000e+03
   1.0390000e+03
   1.0400000e+03
   1.0330000e+03
   1.0390000e+03
   1.0920000e+03
   1.0410000e+03
   1.1550000e+03
   1.0400000e+03
   1.1490000e+03
   1.0390000e+03
   1.0320000e+03
   1.0430000e+03
   1.0390000e+03
   2.0020000e+03
   2.0110000e+03
   2.1540000e+03
   1.9510000e+03
   1.9310000e+03
   1.9320000e+03
   2.2300000e+03
   1.9680000e+03
   1.9520000e+03
   2.0770000e+03
   1.0230000e+03
   1.0320000e+03
   1.0250000e+03
   1.2350000e+03
   1.0330000e+03
   1.0320000e+03
   1.0320000e+03
   1.1330000e+03
   1.0350000e+03
   1.0340000e+03
   1.0440000e+03
   1.0280000e+03
   1.0360000e+03
   1.1980000e+03
   1.0330000e+03
   1.0370000e+03
   1.0240000e+03
   1.0390000e+03
   1.0380000e+03
   1.0540000e+03
   1.0240000e+03
   1.0320000e+03
   1.0240000e+03
   1.0180000e+03
   1.0210000e+03
   1.0240000e+03
   1.0250000e+03
   1.0210000e+03
   1.0260000e+03
   1.2110000e+03
   1.0350000e+03
   1.0290000e+03
   1.0310000e+03
   1.2550000e+03
   1.0290000e+03
   1.0300000e+03
   1.0200000e+03
   1.0380000e+03
   1.0270000e+03
   1.0770000e+03
   1.0270000e+03
   1.0290000e+03
   1.0290000e+03
   1.0330000e+03
   1.1540000e+03
   1.0300000e+03
   1.0230000e+03
   1.2360000e+03
   1.2390000e+03
   1.1190000e+03
   1.0240000e+03
   1.2920000e+03
   1.0270000e+03
   1.0270000e+03
   1.0350000e+03
   1.0250000e+03
   1.0260000e+03
   1.0200000e+03
   1.2930000e+03
   1.0300000e+03
   1.0760000e+03
   1.0270000e+03
   1.0360000e+03
   1.0260000e+03
   1.0250000e+03
   1.0320000e+03
   1.0320000e+03
   1.0330000e+03
   1.1660000e+03
   1.0280000e+03
   1.0370000e+03
   1.0370000e+03
   1.0330000e+03
   1.0220000e+03
   1.0190000e+03
   1.1630000e+03
   1.0320000e+03
   1.0360000e+03
   1.0310000e+03
   1.0320000e+03
   1.0380000e+03
   1.0630000e+03
   1.0260000e+03
   1.1740000e+03
   1.0300000e+03
   1.0290000e+03
   1.0310000e+03
   1.0270000e+03
   1.0190000e+03
   1.0220000e+03
   1.0240000e+03
   1.0290000e+03
   1.0240000e+03
   1.0360000e+03
   1.0290000e+03
   1.0330000e+03
   1.0300000e+03
   1.0370000e+03
   1.0370000e+03
   1.0310000e+03
   1.0320000e+03
   1.0240000e+03
   1.0280000e+03
   1.0200000e+03
   1.0240000e+03
   1.0330000e+03
   1.0330000e+03
   1.0290000e+03
   1.1180000e+03
   1.0380000e+03
   1.1570000e+03
   1.0340000e+03
   1.0170000e+03
   1.0330000e+03
   1.0280000e+03
   1.0380000e+03
   1.0310000e+03
   1.0320000e+03
   1.0280000e+03
   1.0280000e+03
   1.0330000e+03
   1.0280000e+03
   1.0320000e+03
   1.0280000e+03
   1.1440000e+03
   1.0180000e+03
   1.0360000e+03
   1.0290000e+03
   1.0300000e+03
   1.0340000e+03
   1.0260000e+03
   1.0200000e+03
   1.2070000e+03
   1.0250000e+03
   1.0240000e+03
   1.0280000e+03
   1.0250000e+03
   1.0270000e+03
   1.0190000e+03
   1.0210000e+03
   1.0260000e+03
   1.0360000e+03
   1.0340000e+03
   1.0340000e+03
   1.1080000e+03
   1.0410000e+03
   1.0350000e+03
   1.1380000e+03
   1.0370000e+03
   1.0390000e+03
   1.0320000e+03
   1.0390000e+03
   1.0230000e+03
   1.0310000e+03
   1.0350000e+03
   1.0390000e+03
   1.0320000e+03
   1.0340000e+03
   1.0250000e+03
   1.0410000e+03
   1.0300000e+03
   1.0180000e+03
   1.0550000e+03
   1.0310000e+03
   1.0370000e+03
   1.0350000e+03
   1.0180000e+03
   1.0330000e+03
   1.0310000e+03
   1.0470000e+03
   1.0400000e+03
   1.0290000e+03
   1.0300000e+03
   1.0430000e+03
   1.0270000e+03
   1.0290000e+03
   1.0370000e+03
   1.0370000e+03
   1.0290000e+03
   1.0290000e+03
   1.0390000e+03
   1.0300000e+03
   1.0490000e+03
   1.0430000e+03
   1.0250000e+03
   1.0410000e+03
   1.1620000e+03
   1.0290000e+03
   1.0300000e+03
   1.2240000e+03
   1.0290000e+03
   1.0430000e+03
   1.1000000e+03
   1.0290000e+03
   1.0270000e+03
   1.0250000e+03
   1.0250000e+03
   1.0410000e+03
   1.0420000e+03
   1.1400000e+03
   1.0280000e+03
   1.0320000e+03
   1.0420000e+03
   1.0380000e+03
   1.0260000e+03
   1.0290000e+03
   1.0320000e+03
   1.0430000e+03
   1.0420000e+03
   1.0380000e+03
   1.0280000e+03
   1.0380000e+03
   1.0290000e+03
   1.0440000e+03
   1.0370000e+03
   1.0300000e+03
   1.0180000e+03
   1.0360000e+03
   1.0430000e+03
   1.0340000e+03
   1.0970000e+03
   1.0480000e+03
   1.0420000e+03
   1.0380000e+03
   1.0390000e+03
   1.0410000e+03
   1.0590000e+03
   1.0330000e+03
   1.2770000e+03
   1.0430000e+03
   1.0420000e+03
   1.0460000e+03
   1.0410000e+03
   1.0420000e+03
   1.0570000e+03
   1.0500000e+03
   1.0430000e+03
   1.0370000e+03
   1.0420000e+03
   1.0320000e+03
   1.0390000e+03
   1.0490000e+03
   1.0340000e+03
   1.0430000e+03
   1.0400000e+03
   1.0440000e+03
   1.0410000e+03
   1.2050000e+03
   1.0380000e+03
   1.0400000e+03
   1.0480000e+03
   1.0420000e+03
   1.0340000e+03
   1.0410000e+03
   1.1790000e+03
   1.0420000e+03
   1.0420000e+03
   1.2230000e+03
   1.2120000e+03
   1.0310000e+03
   1.1180000e+03
   1.0330000e+03
   1.0440000e+03
   1.0350000e+03
   1.0510000e+03
   1.0320000e+03
   1.0340000e+03
   1.0300000e+03
   1.0380000e+03
   1.0360000e+03
   1.0360000e+03
   1.0300000e+03
   1.0330000e+03
   1.0370000e+03
   1.0500000e+03
   1.0390000e+03
   1.0390000e+03
   1.0370000e+03
   1.0420000e+03
   3.9860000e+03
   1.0410000e+03
   1.0420000e+03
   1.0370000e+03
   1.0350000e+03
   1.0350000e+03
   1.2400000e+03
   1.0380000e+03
   1.0430000e+03
   1.0370000e+03
   1.0420000e+03
   1.0420000e+03
   1.0390000e+03
   1.1260000e+03
   1.0490000e+03
   1.0410000e+03
   1.0440000e+03
   1.0850000e+03
   1.0420000e+03
   1.0360000e+03
   1.0420000e+03
   1.0300000e+03
   1.0370000e+03
   1.0390000e+03
   1.0330000e+03
   1.0310000e+03
   1.0390000e+03
   1.0370000e+03
   1.0430000e+03
   1.0420000e+03
   1.0410000e+03
   1.0410000e+03
   1.0420000e+03
   1.0520000e+03
   1.0300000e+03
   1.0410000e+03
