   1.5820000e+03
   1.5840000e+03
   1.5940000e+03
   1.5950000e+03
   1.5730000e+03
   1.6040000e+03
   1.6170000e+03
   1.5690000e+03
   1.5870000e+03
   1.5520000e+03
   1.5900000e+03
   1.6070000e+03
   1.5810000e+03
   1.5940000e+03
   1.6340000e+03
   1.6100000e+03
   1.5700000e+03
   1.5980000e+03
   1.5980000e+03
   1.6070000e+03
   1.5910000e+03
   1.6280000e+03
   1.6020000e+03
   1.6270000e+03
   1.6160000e+03
   1.5960000e+03
   1.5580000e+03
   1.6130000e+03
   1.6280000e+03
   1.6110000e+03
   1.5930000e+03
   1.6320000e+03
   1.6420000e+03
   1.5900000e+03
   1.6120000e+03
   1.6170000e+03
   1.5810000e+03
   1.5880000e+03
   1.6670000e+03
   1.5550000e+03
   1.5500000e+03
   1.6250000e+03
   1.6150000e+03
   1.8690000e+03
   1.6270000e+03
   1.6020000e+03
   1.5970000e+03
   1.5880000e+03
   1.9340000e+03
   1.6200000e+03
   1.5980000e+03
   1.6060000e+03
   1.5990000e+03
   1.5990000e+03
   1.5790000e+03
   1.5960000e+03
   1.6620000e+03
   1.6080000e+03
   1.6040000e+03
   1.5930000e+03
   1.6550000e+03
   1.5830000e+03
   1.5890000e+03
   1.5890000e+03
   1.6010000e+03
   1.5500000e+03
   1.6080000e+03
   1.5840000e+03
   1.6070000e+03
   1.5980000e+03
   1.5910000e+03
   1.6040000e+03
   1.6050000e+03
   1.6030000e+03
   1.6410000e+03
   1.6570000e+03
   1.6260000e+03
   1.6140000e+03
   1.5610000e+03
   1.5950000e+03
   1.6250000e+03
   1.6250000e+03
   1.6120000e+03
   1.6440000e+03
   1.6010000e+03
   1.5960000e+03
   1.6170000e+03
   1.6210000e+03
   1.6230000e+03
   1.5910000e+03
   1.6060000e+03
   1.5820000e+03
   1.6180000e+03
   1.6140000e+03
   1.6530000e+03
   1.6170000e+03
   1.6200000e+03
   1.5880000e+03
   1.6130000e+03
   1.6090000e+03
   1.6200000e+03
   1.6220000e+03
   1.6300000e+03
   1.6300000e+03
   1.6110000e+03
   1.6220000e+03
   1.6200000e+03
   1.6270000e+03
   1.6060000e+03
   1.7150000e+03
   1.6220000e+03
   1.6390000e+03
   1.6090000e+03
   1.6060000e+03
   1.6220000e+03
   1.6030000e+03
   1.6390000e+03
   1.5850000e+03
   1.6210000e+03
   1.6230000e+03
   1.6060000e+03
   1.6330000e+03
   1.6120000e+03
   1.5890000e+03
   1.6180000e+03
   1.6260000e+03
   1.5910000e+03
   1.6200000e+03
   1.6050000e+03
   1.5980000e+03
   1.6440000e+03
   1.6080000e+03
   1.6030000e+03
   1.6480000e+03
   1.5840000e+03
   1.6750000e+03
   1.6780000e+03
   1.6360000e+03
   1.6870000e+03
   1.5880000e+03
   1.6450000e+03
   1.6370000e+03
   1.5970000e+03
   1.5190000e+03
   1.5400000e+03
   1.5230000e+03
   1.5490000e+03
   1.5580000e+03
   1.5880000e+03
   1.5760000e+03
   1.6150000e+03
   1.5510000e+03
   1.5750000e+03
   1.5900000e+03
   1.5630000e+03
   1.5540000e+03
   1.5970000e+03
   1.5610000e+03
   1.5620000e+03
   1.5730000e+03
   1.5330000e+03
   1.5210000e+03
   1.5640000e+03
   1.5530000e+03
   1.5940000e+03
   1.5570000e+03
   1.5730000e+03
   1.5510000e+03
   1.5590000e+03
   1.5430000e+03
   1.5340000e+03
   1.5760000e+03
   1.5520000e+03
   1.5740000e+03
   1.5630000e+03
   1.5420000e+03
   1.5710000e+03
   1.5720000e+03
   1.5440000e+03
   1.5730000e+03
   1.5300000e+03
   1.5780000e+03
   1.5520000e+03
   1.5740000e+03
   1.5590000e+03
   1.5600000e+03
   1.5890000e+03
   1.5120000e+03
   1.5670000e+03
   1.7020000e+03
   1.5180000e+03
   1.5510000e+03
   1.6010000e+03
   1.5430000e+03
   1.5800000e+03
   1.5810000e+03
   1.5660000e+03
   1.5920000e+03
   1.5410000e+03
   1.5510000e+03
   1.5800000e+03
   1.7330000e+03
   1.5920000e+03
   1.5510000e+03
   1.5430000e+03
   1.5750000e+03
   1.5880000e+03
   1.5520000e+03
   1.5780000e+03
   1.5700000e+03
   1.5640000e+03
   1.5430000e+03
   1.5570000e+03
   1.5220000e+03
   1.5150000e+03
   3.5880000e+03
   1.5680000e+03
   1.5950000e+03
   1.5560000e+03
   1.5780000e+03
   1.5640000e+03
   1.5770000e+03
   1.5340000e+03
   1.6310000e+03
   1.5690000e+03
   1.5500000e+03
   1.5320000e+03
   1.5790000e+03
   1.5060000e+03
   1.5670000e+03
   1.5610000e+03
   1.5230000e+03
   1.5340000e+03
   1.5650000e+03
   1.5520000e+03
   1.5930000e+03
   1.5490000e+03
   1.5640000e+03
   1.5500000e+03
   1.5930000e+03
   1.5660000e+03
   1.5520000e+03
   1.5760000e+03
   1.5420000e+03
   1.5430000e+03
   1.5720000e+03
   1.5700000e+03
   1.5170000e+03
   1.5730000e+03
   1.5210000e+03
   1.5530000e+03
   1.5840000e+03
   1.5400000e+03
   1.5370000e+03
   1.5770000e+03
   1.6130000e+03
   1.5480000e+03
   1.5690000e+03
   1.5600000e+03
   1.5380000e+03
   1.5740000e+03
   1.5860000e+03
   1.5540000e+03
   1.5770000e+03
   1.5780000e+03
   1.5600000e+03
   1.6000000e+03
   1.5550000e+03
   1.5690000e+03
   1.5900000e+03
   1.5650000e+03
   1.5600000e+03
   1.6210000e+03
   1.5310000e+03
   1.5750000e+03
   1.5660000e+03
   1.5480000e+03
   1.5820000e+03
   1.7830000e+03
   1.5770000e+03
   1.6210000e+03
   1.5410000e+03
   1.5280000e+03
   1.5650000e+03
   1.5890000e+03
   1.5800000e+03
   1.5470000e+03
   1.5690000e+03
   1.5580000e+03
   1.6960000e+03
   1.6010000e+03
   1.6530000e+03
   1.5920000e+03
   1.5850000e+03
   1.6380000e+03
   1.5760000e+03
   1.5400000e+03
   1.5950000e+03
   1.6000000e+03
   1.5940000e+03
   1.5810000e+03
   1.5800000e+03
   1.5650000e+03
   1.5590000e+03
   1.5700000e+03
   1.5900000e+03
   1.5610000e+03
   1.5890000e+03
   1.5800000e+03
   1.5590000e+03
   1.5300000e+03
   1.5450000e+03
   1.5900000e+03
   1.5890000e+03
   1.5680000e+03
   1.5390000e+03
   1.6120000e+03
   1.5660000e+03
   1.6100000e+03
   1.5600000e+03
   1.5590000e+03
   1.5740000e+03
   1.5790000e+03
   1.5530000e+03
   1.5720000e+03
   1.5610000e+03
   1.5960000e+03
   1.5670000e+03
   1.5650000e+03
   1.5650000e+03
   1.5970000e+03
   1.5680000e+03
   1.5390000e+03
   1.5600000e+03
   1.5690000e+03
   1.5630000e+03
   1.5570000e+03
   1.5320000e+03
   1.5770000e+03
   1.5620000e+03
   1.5830000e+03
   1.5490000e+03
   1.6050000e+03
   1.5580000e+03
   1.5440000e+03
   1.6040000e+03
   1.5580000e+03
   1.5670000e+03
   1.5490000e+03
   1.5740000e+03
   1.5440000e+03
   1.5660000e+03
   1.5340000e+03
   1.5410000e+03
   1.5690000e+03
   1.5680000e+03
   1.5820000e+03
   1.5300000e+03
   1.5780000e+03
   1.5550000e+03
   1.5940000e+03
   1.7560000e+03
   1.5690000e+03
   1.5730000e+03
   1.5480000e+03
   1.5480000e+03
   1.5810000e+03
   1.5530000e+03
   1.5510000e+03
   1.5840000e+03
   1.6010000e+03
   1.5480000e+03
   1.5590000e+03
   1.5660000e+03
   1.5760000e+03
   1.5750000e+03
   1.5960000e+03
   1.7400000e+03
   1.5730000e+03
   1.5730000e+03
   1.5780000e+03
   1.5670000e+03
   1.5620000e+03
   1.5550000e+03
   1.5830000e+03
   1.5350000e+03
   1.5860000e+03
   1.5610000e+03
   1.5870000e+03
   1.5750000e+03
   1.5770000e+03
   1.5710000e+03
   1.5710000e+03
   1.5740000e+03
   1.5550000e+03
   1.5860000e+03
   1.6010000e+03
   1.5840000e+03
   1.5600000e+03
   1.5710000e+03
   1.5500000e+03
   1.5890000e+03
   1.5800000e+03
   1.5510000e+03
   1.5750000e+03
   1.5480000e+03
   1.6100000e+03
   1.5700000e+03
   1.5880000e+03
   1.6140000e+03
   1.5740000e+03
   1.5840000e+03
   1.5790000e+03
   1.5600000e+03
   1.5910000e+03
   1.5570000e+03
   1.5770000e+03
   1.5760000e+03
   1.5710000e+03
   1.9550000e+03
   2.1700000e+03
   1.9520000e+03
   2.1110000e+03
   1.5350000e+03
   1.5600000e+03
   1.6180000e+03
   1.6490000e+03
   1.5580000e+03
   1.5600000e+03
   1.5350000e+03
   1.5630000e+03
   1.5620000e+03
   1.5790000e+03
   1.5610000e+03
   1.5730000e+03
   1.6000000e+03
   1.6010000e+03
   1.5970000e+03
   1.5550000e+03
   1.5690000e+03
   1.5310000e+03
   1.6250000e+03
   1.6270000e+03
   1.6090000e+03
   1.6670000e+03
   1.5960000e+03
   1.6060000e+03
   1.5530000e+03
   1.5810000e+03
   1.6840000e+03
   1.6320000e+03
   1.6070000e+03
   1.8620000e+03
   1.5970000e+03
   1.6130000e+03
   1.5940000e+03
   1.6110000e+03
   1.6040000e+03
   1.6360000e+03
   1.6060000e+03
   1.6240000e+03
   1.6380000e+03
   1.6220000e+03
   1.6410000e+03
   1.6240000e+03
   1.6110000e+03
   1.6140000e+03
   1.6260000e+03
   1.5850000e+03
   1.5810000e+03
   1.5390000e+03
   1.5500000e+03
   1.5210000e+03
   1.5740000e+03
   1.5660000e+03
   1.5510000e+03
   1.5730000e+03
   1.5290000e+03
   1.5680000e+03
   1.5340000e+03
   1.5810000e+03
   1.5510000e+03
   1.5710000e+03
   1.5530000e+03
   1.5720000e+03
   1.5640000e+03
   1.5660000e+03
   1.5890000e+03
   1.5350000e+03
   1.5260000e+03
   1.5930000e+03
   1.6110000e+03
   1.5680000e+03
   1.5530000e+03
   1.5900000e+03
   1.5950000e+03
   1.5790000e+03
   1.5560000e+03
   1.5720000e+03
   1.5260000e+03
   1.6030000e+03
   1.5520000e+03
   1.5630000e+03
   1.5410000e+03
   2.8050000e+03
   1.5730000e+03
   1.5380000e+03
   1.5810000e+03
   1.5500000e+03
   1.5710000e+03
   1.5440000e+03
   1.5900000e+03
   1.5940000e+03
   1.5550000e+03
   1.5650000e+03
   1.5870000e+03
   1.5870000e+03
   1.6890000e+03
   1.5690000e+03
   1.5910000e+03
   1.5940000e+03
   1.5840000e+03
   1.5460000e+03
   1.5690000e+03
   1.5760000e+03
   1.5480000e+03
   1.6120000e+03
   1.5290000e+03
   1.6390000e+03
   1.5600000e+03
   1.5500000e+03
   1.5520000e+03
   1.5970000e+03
   1.8140000e+03
   1.5250000e+03
   4.6180000e+03
   1.5630000e+03
   1.5830000e+03
   1.5730000e+03
   1.5280000e+03
   1.5790000e+03
   1.5430000e+03
   1.5450000e+03
   1.5170000e+03
   1.5690000e+03
   1.5790000e+03
   1.5530000e+03
   1.5240000e+03
   1.5170000e+03
   1.5930000e+03
   1.5410000e+03
   1.5860000e+03
   1.5530000e+03
   1.5530000e+03
   1.5450000e+03
   1.5710000e+03
   1.5530000e+03
   1.5540000e+03
   1.5770000e+03
   1.5900000e+03
   1.5750000e+03
   1.5890000e+03
   1.6130000e+03
   1.5650000e+03
   1.5660000e+03
   1.5880000e+03
   1.5870000e+03
   1.5650000e+03
   1.5490000e+03
   1.5360000e+03
   1.5710000e+03
   1.5340000e+03
   1.5930000e+03
   1.5990000e+03
   1.5690000e+03
   1.6080000e+03
   1.5560000e+03
   1.5860000e+03
   1.5720000e+03
   1.6140000e+03
   1.5690000e+03
   1.5890000e+03
   1.6520000e+03
   1.5500000e+03
   1.5830000e+03
   1.5860000e+03
   1.5980000e+03
   1.5440000e+03
   1.5890000e+03
   1.5800000e+03
   1.5850000e+03
   1.5980000e+03
   1.5640000e+03
   1.5630000e+03
   1.6150000e+03
   1.5600000e+03
   1.5950000e+03
   1.5520000e+03
   1.5610000e+03
   1.5770000e+03
   1.5750000e+03
   1.6130000e+03
   1.5660000e+03
   1.5540000e+03
   1.5560000e+03
   1.5620000e+03
   1.5700000e+03
   1.5500000e+03
   1.5840000e+03
   1.5480000e+03
   1.5850000e+03
   1.6130000e+03
   1.6220000e+03
   1.5900000e+03
   1.5840000e+03
   4.7620000e+03
   1.6340000e+03
   1.6050000e+03
   1.5580000e+03
   1.5670000e+03
   1.6020000e+03
   1.5850000e+03
   1.5860000e+03
   1.5690000e+03
   1.5750000e+03
   1.6100000e+03
   1.6980000e+03
   1.5660000e+03
   1.5890000e+03
   1.5960000e+03
   1.5920000e+03
   1.5850000e+03
   1.5770000e+03
   1.5850000e+03
   1.5810000e+03
   1.5900000e+03
   1.5780000e+03
   1.5450000e+03
   1.6190000e+03
   1.5770000e+03
   1.5920000e+03
   1.6000000e+03
   1.5840000e+03
   1.6000000e+03
   1.6310000e+03
   1.5500000e+03
   1.6080000e+03
   1.5940000e+03
   1.5680000e+03
   1.5870000e+03
   1.5850000e+03
   1.5560000e+03
   1.5720000e+03
   1.6110000e+03
   1.5400000e+03
   1.5550000e+03
   1.5720000e+03
   1.5800000e+03
   1.6020000e+03
   1.5960000e+03
   1.5560000e+03
   1.5770000e+03
   1.6440000e+03
   1.5870000e+03
   1.5700000e+03
   1.5980000e+03
   1.5550000e+03
   1.6070000e+03
   1.6050000e+03
   1.5690000e+03
   1.5640000e+03
   1.5480000e+03
   1.5750000e+03
   1.5460000e+03
   1.5780000e+03
   1.6140000e+03
   1.5770000e+03
   1.5800000e+03
   1.5930000e+03
   1.6130000e+03
   1.5730000e+03
   1.5890000e+03
   1.5930000e+03
   1.6200000e+03
   1.5760000e+03
   1.5670000e+03
   1.5690000e+03
   1.5960000e+03
   1.5770000e+03
   1.5980000e+03
   1.5910000e+03
   1.5700000e+03
   1.5570000e+03
   1.5580000e+03
   1.5880000e+03
   1.5870000e+03
   1.6490000e+03
   1.5760000e+03
   1.5970000e+03
   1.5570000e+03
   1.6020000e+03
   1.5680000e+03
   1.5880000e+03
   1.5620000e+03
   1.5780000e+03
   1.5790000e+03
   1.6020000e+03
   1.6100000e+03
   1.5910000e+03
   1.6340000e+03
   1.5870000e+03
   1.6080000e+03
   1.5980000e+03
   1.6420000e+03
