   3.4240000e+03
   3.3690000e+03
   3.4860000e+03
   3.3020000e+03
   3.4960000e+03
   3.4820000e+03
   3.3940000e+03
   3.6620000e+03
   3.4040000e+03
   3.4830000e+03
   3.3540000e+03
   3.4590000e+03
   3.3780000e+03
   5.0290000e+03
   3.3350000e+03
   3.4290000e+03
   3.4950000e+03
   3.4550000e+03
   3.4440000e+03
   3.7520000e+03
   3.4260000e+03
   3.5040000e+03
   3.1840000e+03
   3.4950000e+03
   3.4230000e+03
   3.3480000e+03
   3.7000000e+03
   3.4030000e+03
   3.4920000e+03
   3.4990000e+03
   3.4820000e+03
   3.4230000e+03
   3.2590000e+03
   3.5880000e+03
   3.5110000e+03
   3.5670000e+03
   3.5940000e+03
   3.4110000e+03
   3.4310000e+03
   3.4410000e+03
   3.5200000e+03
   3.4490000e+03
   3.5080000e+03
   3.4250000e+03
   3.5630000e+03
   3.6870000e+03
   3.4940000e+03
   3.5020000e+03
   3.5450000e+03
   3.5010000e+03
   3.4340000e+03
   3.4480000e+03
   3.1130000e+03
   3.4370000e+03
   3.4440000e+03
   3.4590000e+03
   3.5540000e+03
   3.5580000e+03
   3.2070000e+03
   3.4160000e+03
   3.4350000e+03
   3.2210000e+03
   3.5730000e+03
   3.2350000e+03
   3.5140000e+03
   3.4660000e+03
   3.4660000e+03
   3.2110000e+03
   3.4340000e+03
   3.4650000e+03
   3.4560000e+03
   3.4420000e+03
   3.1880000e+03
   3.6500000e+03
   3.4230000e+03
   3.5150000e+03
   3.6030000e+03
   3.2090000e+03
   3.2030000e+03
   3.4450000e+03
   3.4030000e+03
   3.4190000e+03
   3.5710000e+03
   3.5210000e+03
   3.5300000e+03
   3.1980000e+03
   3.3990000e+03
   3.4270000e+03
   3.2190000e+03
   3.4420000e+03
   3.2480000e+03
   3.7110000e+03
   3.2190000e+03
   3.4560000e+03
   3.6820000e+03
   3.4510000e+03
   3.4660000e+03
   3.5740000e+03
   3.4950000e+03
   3.4050000e+03
   3.5350000e+03
   3.4540000e+03
   3.5500000e+03
   3.4630000e+03
   3.4360000e+03
   3.2050000e+03
   3.2050000e+03
   3.4450000e+03
   3.3860000e+03
   3.4680000e+03
   3.3130000e+03
   3.4970000e+03
   3.4340000e+03
   3.4270000e+03
   3.4900000e+03
   3.6560000e+03
   3.4510000e+03
   3.5000000e+03
   3.6950000e+03
   3.1020000e+03
   3.4300000e+03
   3.2010000e+03
   3.5050000e+03
   3.3970000e+03
   3.5480000e+03
   3.4560000e+03
   3.2710000e+03
   3.4900000e+03
   3.3790000e+03
   3.4680000e+03
   3.3920000e+03
   3.4870000e+03
   3.5530000e+03
   3.6770000e+03
   3.5450000e+03
   3.4670000e+03
   3.7000000e+03
   3.4670000e+03
   3.3290000e+03
   3.4300000e+03
   3.4990000e+03
   7.8220000e+03
   3.4000000e+03
   3.3510000e+03
   3.3230000e+03
   3.3710000e+03
   3.2800000e+03
   3.3740000e+03
   3.3910000e+03
   3.3380000e+03
   3.3810000e+03
   6.0410000e+03
   3.3350000e+03
   3.3370000e+03
   3.3570000e+03
   3.3570000e+03
   3.3180000e+03
   3.3830000e+03
   3.3030000e+03
   3.3540000e+03
   3.2950000e+03
   3.3300000e+03
   3.4600000e+03
   3.2990000e+03
   3.3150000e+03
   3.3300000e+03
   3.2840000e+03
   3.3080000e+03
   3.3360000e+03
   3.2820000e+03
   3.3720000e+03
   3.2600000e+03
   3.3010000e+03
   3.1230000e+03
   3.2610000e+03
   3.3330000e+03
   3.3250000e+03
   3.3640000e+03
   3.3460000e+03
   3.3100000e+03
   3.3780000e+03
   3.3290000e+03
   3.2900000e+03
   3.3840000e+03
   3.3510000e+03
   3.2860000e+03
   3.3930000e+03
   3.3960000e+03
   3.3290000e+03
   3.0800000e+03
   3.4000000e+03
   3.1100000e+03
   3.2910000e+03
   3.2850000e+03
   3.3140000e+03
   3.0720000e+03
   3.3080000e+03
   3.3020000e+03
   3.3320000e+03
   3.3220000e+03
   3.2610000e+03
   3.3470000e+03
   3.4110000e+03
   3.3130000e+03
   3.0710000e+03
   3.3660000e+03
   3.3740000e+03
   3.3310000e+03
   3.5650000e+03
   3.3220000e+03
   3.1550000e+03
   3.5710000e+03
   3.3910000e+03
   3.3540000e+03
   3.3750000e+03
   3.3450000e+03
   3.3460000e+03
   3.3060000e+03
   3.5730000e+03
   3.3820000e+03
   3.6050000e+03
   3.4120000e+03
   3.3760000e+03
   3.6060000e+03
   3.3310000e+03
   3.3110000e+03
   3.1120000e+03
   3.2150000e+03
   3.3110000e+03
   3.4670000e+03
   3.5340000e+03
   3.3170000e+03
   3.4360000e+03
   3.3880000e+03
   3.3010000e+03
   3.3160000e+03
   6.5670000e+03
   3.3250000e+03
   3.5090000e+03
   3.2760000e+03
   3.3420000e+03
   3.3430000e+03
   3.3260000e+03
   3.5660000e+03
   3.4240000e+03
   3.3390000e+03
   3.1040000e+03
   3.5170000e+03
   3.5460000e+03
   3.3870000e+03
   3.3610000e+03
   3.0850000e+03
   3.4340000e+03
   3.5710000e+03
   3.2480000e+03
   3.4890000e+03
   3.3010000e+03
   3.4170000e+03
   3.4330000e+03
   3.5050000e+03
   3.3620000e+03
   3.3120000e+03
   3.3710000e+03
   3.4030000e+03
   3.3610000e+03
   3.3000000e+03
   3.2470000e+03
   3.3590000e+03
   3.3180000e+03
   3.4330000e+03
   3.2640000e+03
   3.3790000e+03
   3.5260000e+03
   3.4650000e+03
   3.4260000e+03
   3.3010000e+03
   3.3530000e+03
   3.1420000e+03
   3.4520000e+03
   3.5150000e+03
   3.5240000e+03
   3.3310000e+03
   3.3180000e+03
   3.1160000e+03
   3.3070000e+03
   3.4180000e+03
   3.4450000e+03
   3.2940000e+03
   3.4210000e+03
   3.2890000e+03
   3.4300000e+03
   3.3570000e+03
   3.0730000e+03
   3.3080000e+03
   3.3730000e+03
   3.5910000e+03
   3.3320000e+03
   3.0490000e+03
   3.3700000e+03
   3.3470000e+03
   3.3020000e+03
   3.3200000e+03
   3.3630000e+03
   3.3360000e+03
   3.3190000e+03
   3.4210000e+03
   3.3260000e+03
   3.3100000e+03
   3.3130000e+03
   3.6120000e+03
   3.7230000e+03
   3.3530000e+03
   3.5900000e+03
   3.4400000e+03
   3.3570000e+03
   4.3960000e+03
   3.4330000e+03
   3.3930000e+03
   3.3930000e+03
   3.4240000e+03
   3.2660000e+03
   3.5740000e+03
   3.3530000e+03
   3.3260000e+03
   3.3780000e+03
   3.3120000e+03
   3.1980000e+03
   3.2570000e+03
   3.3280000e+03
   3.5710000e+03
   3.4110000e+03
   3.3770000e+03
   3.3810000e+03
   3.6430000e+03
   3.3890000e+03
   3.3450000e+03
   3.3190000e+03
   3.3950000e+03
   3.3400000e+03
   3.0850000e+03
   3.4330000e+03
   3.3880000e+03
   3.3760000e+03
   3.3580000e+03
   3.0800000e+03
   3.3410000e+03
   3.4020000e+03
   3.0250000e+03
   3.5970000e+03
   3.3240000e+03
   3.3990000e+03
   3.2850000e+03
   3.5550000e+03
   3.3340000e+03
   3.1180000e+03
   3.3700000e+03
   3.3810000e+03
   3.4610000e+03
   3.3590000e+03
   3.3620000e+03
   3.6340000e+03
   3.3640000e+03
   3.7860000e+03
   3.1380000e+03
   3.3200000e+03
   3.4590000e+03
   3.1930000e+03
   3.3420000e+03
   3.6150000e+03
   3.4190000e+03
   3.4010000e+03
   3.3990000e+03
   3.4760000e+03
   3.3660000e+03
   3.3570000e+03
   3.3170000e+03
   3.5640000e+03
   3.3040000e+03
   3.3900000e+03
   3.3490000e+03
   3.3870000e+03
   3.1200000e+03
   3.3740000e+03
   3.2870000e+03
   3.4180000e+03
   3.3330000e+03
   3.3590000e+03
   3.4630000e+03
   3.3480000e+03
   3.3300000e+03
   3.9300000e+03
   3.3870000e+03
   3.3260000e+03
   3.4090000e+03
   3.4230000e+03
   3.3160000e+03
   3.3520000e+03
   3.3210000e+03
   3.3400000e+03
   3.0980000e+03
   3.3560000e+03
   3.3700000e+03
   3.2980000e+03
   3.3390000e+03
   6.0810000e+03
   3.3340000e+03
   3.0820000e+03
   3.4590000e+03
   3.0840000e+03
   3.7450000e+03
   3.0490000e+03
   3.4110000e+03
   3.1060000e+03
   3.4360000e+03
   3.4430000e+03
   3.5480000e+03
   3.7290000e+03
   3.4190000e+03
   3.1130000e+03
   3.3330000e+03
   3.2680000e+03
   3.3910000e+03
   3.3740000e+03
   3.6230000e+03
   3.3890000e+03
   3.4200000e+03
   3.4670000e+03
   3.3820000e+03
   3.3440000e+03
   3.3150000e+03
   3.4230000e+03
   3.0940000e+03
   3.3630000e+03
   3.3940000e+03
   3.3420000e+03
   3.3740000e+03
   3.3580000e+03
   3.3710000e+03
   3.4160000e+03
   3.3530000e+03
   3.6120000e+03
   3.3240000e+03
   3.1090000e+03
   3.3850000e+03
   3.3500000e+03
   3.1160000e+03
   3.3830000e+03
   3.6360000e+03
   3.3330000e+03
   1.9670000e+03
   2.0100000e+03
   1.9320000e+03
   2.0610000e+03
   3.3880000e+03
   3.3630000e+03
   3.3450000e+03
   3.4140000e+03
   3.3860000e+03
   3.4120000e+03
   3.5490000e+03
   3.4220000e+03
   3.4700000e+03
   3.3460000e+03
   3.3040000e+03
   3.5040000e+03
   3.3190000e+03
   3.5620000e+03
   3.5880000e+03
   3.2000000e+03
   3.1840000e+03
   3.4660000e+03
   3.4920000e+03
   3.4030000e+03
   3.3420000e+03
   3.3370000e+03
   3.3890000e+03
   3.5550000e+03
   3.2320000e+03
   3.5410000e+03
   3.5490000e+03
   3.4710000e+03
   3.7110000e+03
   3.2780000e+03
   3.6000000e+03
   3.5820000e+03
   3.3130000e+03
   3.4590000e+03
   3.5320000e+03
   3.5930000e+03
   3.4930000e+03
   3.5780000e+03
   3.4940000e+03
   3.4780000e+03
   3.5010000e+03
   3.6520000e+03
   3.6120000e+03
   3.7090000e+03
   3.7830000e+03
   3.6070000e+03
   3.5710000e+03
   3.2570000e+03
   3.4710000e+03
   3.4580000e+03
   3.5070000e+03
   3.2350000e+03
   3.4560000e+03
   3.4620000e+03
   3.3870000e+03
   3.5190000e+03
   3.2920000e+03
   3.3540000e+03
   3.4030000e+03
   3.4070000e+03
   3.3840000e+03
   3.3580000e+03
   3.4390000e+03
   3.3750000e+03
   3.3840000e+03
   3.4280000e+03
   3.3430000e+03
   3.3160000e+03
   3.1020000e+03
   3.4080000e+03
   3.5010000e+03
   3.7400000e+03
   3.3740000e+03
   3.3290000e+03
   3.3610000e+03
   3.3350000e+03
   3.3030000e+03
   3.2310000e+03
   3.4680000e+03
   3.3950000e+03
   3.3810000e+03
   3.4280000e+03
   3.3130000e+03
   3.2780000e+03
   3.4070000e+03
   3.4640000e+03
   3.3370000e+03
   3.5740000e+03
   3.6540000e+03
   3.5500000e+03
   3.3110000e+03
   3.2730000e+03
   3.0940000e+03
   3.4750000e+03
   3.1540000e+03
   3.7590000e+03
   3.3310000e+03
   3.3610000e+03
   3.5950000e+03
   3.4920000e+03
   3.4170000e+03
   3.4420000e+03
   3.2160000e+03
   3.4030000e+03
   3.3200000e+03
   3.4010000e+03
   3.0930000e+03
   3.4710000e+03
   3.3350000e+03
   3.3540000e+03
   3.3210000e+03
   3.3280000e+03
   3.5240000e+03
   3.3470000e+03
   3.5020000e+03
   3.3670000e+03
   3.3730000e+03
   3.4350000e+03
   3.4110000e+03
   3.3760000e+03
   3.4290000e+03
   3.3520000e+03
   3.3740000e+03
   3.3750000e+03
   3.3860000e+03
   3.3470000e+03
   3.5190000e+03
   3.4100000e+03
   3.3610000e+03
   3.3290000e+03
   3.4480000e+03
   3.4020000e+03
   3.3300000e+03
   3.2860000e+03
   3.4180000e+03
   3.3160000e+03
   3.4720000e+03
   3.4520000e+03
   3.2750000e+03
   3.4330000e+03
   3.3370000e+03
   3.3800000e+03
   3.4280000e+03
   3.4000000e+03
   3.3930000e+03
   3.3760000e+03
   3.4300000e+03
   3.4410000e+03
   3.3420000e+03
   3.4150000e+03
   3.4190000e+03
   3.4160000e+03
   3.4400000e+03
   3.3970000e+03
   3.5400000e+03
   3.4050000e+03
   3.5690000e+03
   3.3300000e+03
   3.5800000e+03
   3.1460000e+03
   3.5240000e+03
   3.1560000e+03
   3.3430000e+03
   3.4200000e+03
   3.1110000e+03
   3.5470000e+03
   3.4070000e+03
   3.5040000e+03
   3.4810000e+03
   3.3950000e+03
   3.4590000e+03
   3.4380000e+03
   3.1170000e+03
   3.5360000e+03
   3.4780000e+03
   3.4120000e+03
   3.3740000e+03
   3.1310000e+03
   3.3590000e+03
   3.5230000e+03
   3.1350000e+03
   3.5500000e+03
   3.4320000e+03
   3.4230000e+03
   3.4440000e+03
   3.0880000e+03
   3.3070000e+03
   3.3890000e+03
   3.5670000e+03
   3.4080000e+03
   3.3020000e+03
   3.4090000e+03
   3.4390000e+03
   3.4800000e+03
   3.5510000e+03
   3.4830000e+03
   3.4080000e+03
   3.3840000e+03
   3.4740000e+03
   3.3520000e+03
   3.3530000e+03
   3.3140000e+03
   3.3720000e+03
   3.1210000e+03
   3.1660000e+03
   3.3990000e+03
   3.3460000e+03
   3.6570000e+03
   3.3280000e+03
   3.1020000e+03
   3.3600000e+03
   3.3670000e+03
   3.3290000e+03
   3.1190000e+03
   3.4010000e+03
   3.4220000e+03
   3.3840000e+03
   3.1080000e+03
   3.1520000e+03
   3.1100000e+03
   3.4880000e+03
   3.0760000e+03
   3.3630000e+03
   3.3900000e+03
   3.3760000e+03
   3.5350000e+03
   3.3000000e+03
   3.1380000e+03
   3.3660000e+03
   3.3630000e+03
   3.3380000e+03
   3.1500000e+03
   3.3610000e+03
   3.3490000e+03
   3.6210000e+03
   3.3260000e+03
   3.3840000e+03
   3.6170000e+03
   3.3430000e+03
   3.0910000e+03
   3.3550000e+03
   3.3360000e+03
   3.5970000e+03
   3.3560000e+03
   3.3270000e+03
   3.3030000e+03
   3.6000000e+03
   3.3560000e+03
   3.4060000e+03
   3.4190000e+03
   3.3480000e+03
   3.3940000e+03
   3.6380000e+03
   3.3790000e+03
   3.3200000e+03
   3.4200000e+03
   3.3230000e+03
   3.1370000e+03
   3.1400000e+03
   3.0980000e+03
   3.0980000e+03
   3.3460000e+03
   3.3790000e+03
   3.4310000e+03
   3.3710000e+03
   3.4710000e+03
   3.3450000e+03
   3.4870000e+03
   3.5140000e+03
   3.3470000e+03
   3.3960000e+03
   3.7460000e+03
   3.3720000e+03
   3.5810000e+03
   3.4710000e+03
   3.3970000e+03
   3.1040000e+03
   3.4160000e+03
   3.4330000e+03
   3.3680000e+03
   3.3440000e+03
   3.1730000e+03
   3.5000000e+03
   3.3820000e+03
   3.4020000e+03
   3.1190000e+03
   3.3820000e+03
   3.4100000e+03
   3.2930000e+03
   3.4690000e+03
   3.4470000e+03
   3.3550000e+03
   3.6640000e+03
   3.3770000e+03
   3.3770000e+03
   3.6140000e+03
   3.3600000e+03
   3.1280000e+03
   3.3610000e+03
   3.4050000e+03
   3.3980000e+03
   3.1400000e+03
   3.3240000e+03
   3.6070000e+03
   3.4120000e+03
   3.5330000e+03
   3.7510000e+03
   3.5810000e+03
   3.5500000e+03
   3.4330000e+03
   3.5170000e+03
   3.7980000e+03
   3.2370000e+03
