   6.0766122e+02
   6.4042890e+02
   7.1350154e+02
   7.2851488e+02
   7.3830202e+02
   9.3917353e+02
   5.0541307e+02
   7.3153448e+02
   7.6423768e+02
   5.8658813e+02
   6.2428405e+02
   6.3417349e+02
   6.2378545e+02
   5.3386322e+02
   3.9734430e+02
   4.1645204e+02
   6.2091073e+02
   8.6761749e+02
   6.7653585e+02
   7.4941558e+02
   6.8790775e+02
   7.9320566e+02
   8.5130441e+02
   6.3516992e+02
   9.2416218e+02
   5.2395216e+02
   7.6750394e+02
   8.7670070e+02
   6.7754820e+02
   1.2471567e+03
   7.0257075e+02
   8.9348873e+02
   8.5155232e+02
   6.5578849e+02
   8.6580748e+02
   4.4870886e+02
   7.2745594e+02
   9.2392543e+02
   3.4998570e+02
   5.0368571e+02
   4.5007027e+02
   6.9449582e+02
   8.0305936e+02
   5.7940457e+02
   4.8615806e+02
   6.8976311e+02
   9.2519926e+02
   6.9851211e+02
   3.6380312e+02
   6.9848663e+02
   7.0349739e+02
   6.8449611e+02
   9.1385368e+02
   6.6679362e+02
   7.0979715e+02
   6.8479100e+02
   7.3940014e+02
   8.6190937e+02
   4.8339869e+02
   4.4699691e+02
   8.8509521e+02
   6.8447969e+02
   7.0487235e+02
   9.4452504e+02
   6.3793490e+02
   6.3233130e+02
   5.0085250e+02
   1.1706666e+03
   4.6667511e+02
   6.4941412e+02
   4.6043102e+02
   4.2324978e+02
   6.9642281e+02
   7.9130445e+02
   4.9990566e+02
   8.8339631e+02
   5.2733585e+02
   6.2026815e+02
   7.1297227e+02
   6.7498016e+02
   1.1961376e+03
   4.6111926e+02
   7.2403412e+02
   8.7244344e+02
   1.0126279e+03
   4.1889878e+02
   7.5247400e+02
   6.6091238e+02
   4.2637872e+02
   4.4109714e+02
   6.5694582e+02
   6.1755885e+02
   6.2258018e+02
   1.0405162e+03
   6.4940148e+02
   6.3772157e+02
   6.5926644e+02
   7.1644807e+02
   4.8551884e+02
   9.1907660e+02
   6.3422895e+02
   7.2191634e+02
   8.9551435e+02
   4.2739225e+02
   7.7537292e+02
   6.5957181e+02
   7.5663465e+02
   9.9557178e+02
   7.0877061e+02
   1.1409679e+03
   6.4730343e+02
   6.7047686e+02
   4.2193722e+02
   4.4563203e+02
   7.0040514e+02
   4.2067401e+02
   5.5117498e+02
   6.9966219e+02
   9.2865514e+02
   4.5759134e+02
   6.4711172e+02
   9.3573597e+02
   6.4819644e+02
   6.6723495e+02
   4.2757300e+02
   6.9142987e+02
   5.7320884e+02
   7.4149279e+02
   7.7914904e+02
   3.9046866e+02
   9.2576685e+02
   4.5242441e+02
   7.0961731e+02
   8.6599292e+02
   6.2784058e+02
   7.0136240e+02
   9.2661619e+02
   5.1213815e+02
   3.3769351e+02
   6.7604277e+02
   4.1949628e+02
   7.4148962e+02
   7.1329038e+02
   9.4407617e+02
   8.8569032e+02
   4.9063000e+02
   6.9394087e+02
   9.5657609e+02
   4.5046917e+02
   5.3200339e+02
   3.9071659e+02
   6.2928920e+02
   5.9538565e+02
   6.8519971e+02
   7.1975676e+02
   6.4524914e+02
   8.9262347e+02
   4.6646467e+02
   5.7995106e+02
   6.9078526e+02
   8.0364168e+02
   6.3034087e+02
   8.9643975e+02
   6.4450440e+02
   5.8577240e+02
   7.4267504e+02
   8.4886937e+02
   6.9875734e+02
   4.3706027e+02
   6.6251787e+02
   8.9996141e+02
   6.3100570e+02
   1.2173334e+03
   5.9146064e+02
   5.0182888e+02
   6.9868330e+02
   8.7911617e+02
   4.4891133e+02
   5.2534545e+02
   6.9316304e+02
   7.2281546e+02
   3.5660240e+02
   6.1294100e+02
   5.9919687e+02
   6.5350459e+02
   7.2645910e+02
   6.2897897e+02
   9.4968010e+02
   6.6771936e+02
   6.5474679e+02
   6.9571380e+02
   8.7000097e+02
   7.5712559e+02
   1.2122997e+03
   4.2131260e+02
   6.5541133e+02
   7.6039644e+02
   6.6083009e+02
   8.4639260e+02
   6.3314512e+02
   5.0221393e+02
   5.2823685e+02
   6.0734742e+02
   7.1776155e+02
   9.3816767e+02
   7.0345200e+02
   8.5536328e+02
   4.8589858e+02
   8.6516699e+02
   6.4089654e+02
   7.4633439e+02
   5.3741407e+02
   4.9333687e+02
   6.9204929e+02
   4.6574283e+02
   1.1195021e+03
   3.6277272e+02
   7.3639739e+02
   5.7791617e+02
   6.1266005e+02
   6.6299497e+02
   5.1189741e+02
   7.0433291e+02
   5.8569711e+02
   8.0187709e+02
   5.9400404e+02
   7.4325103e+02
   6.6665798e+02
   9.7034011e+02
   7.4983288e+02
   6.6990360e+02
   9.6985879e+02
   6.7621786e+02
   7.5491825e+02
   6.4157952e+02
   4.7462709e+02
   6.8552654e+02
   7.0022182e+02
   7.5081485e+02
   5.4887581e+02
   6.9736364e+02
   4.1833985e+02
   7.3777178e+02
   8.8177614e+02
   3.4265391e+02
   6.2824222e+02
   7.0265492e+02
   9.3230519e+02
   7.2014454e+02
   7.9774860e+02
   6.4120159e+02
   5.1316349e+02
   7.4471550e+02
   4.9226956e+02
   8.8689153e+02
   4.4171747e+02
   6.5839767e+02
   4.5887590e+02
   6.5854690e+02
   9.3037199e+02
   5.2910836e+02
   8.6226165e+02
   4.0763150e+02
   8.8048289e+02
   7.1924678e+02
   7.1253736e+02
   7.1247403e+02
   6.8916351e+02
   5.5227407e+02
   6.1876701e+02
   7.1332321e+02
   3.8645494e+02
   9.0215528e+02
   6.4006026e+02
   3.5508740e+02
   8.0686747e+02
   1.1068010e+03
   6.3941388e+02
   8.0389642e+02
   5.3355798e+02
   7.4395716e+02
   5.8404042e+02
   6.5479330e+02
   1.0454080e+03
   5.2059467e+02
   7.4050000e+02
   9.0445711e+02
   6.2712629e+02
   9.0002609e+02
   6.6240522e+02
   4.9085322e+02
   6.6531161e+02
   9.2113562e+02
   4.7847312e+02
   6.5380749e+02
   6.9203216e+02
   7.0373591e+02
   7.8172704e+02
   6.7671239e+02
   4.7820975e+02
   6.2883179e+02
   6.8316500e+02
   8.1895746e+02
   6.3608226e+02
   1.1461532e+03
   6.4271792e+02
   4.8752252e+02
   6.6807271e+02
   4.4733229e+02
   6.3606927e+02
   8.1641853e+02
   4.7785331e+02
   7.1311480e+02
   9.2548840e+02
   5.3552178e+02
   6.2684492e+02
   4.7795281e+02
   6.8912879e+02
   7.2180041e+02
   8.6291480e+02
   4.3482716e+02
   7.2177736e+02
   4.3984887e+02
   8.4870496e+02
   8.4075724e+02
   6.1930231e+02
   6.8774182e+02
   6.6271819e+02
   3.9227844e+02
   8.6796155e+02
   4.6666994e+02
   5.9362194e+02
   8.7870558e+02
   4.4457140e+02
   6.9308362e+02
   8.7310014e+02
   8.4353761e+02
   4.7049375e+02
   7.4659437e+02
   6.9702345e+02
   8.7445707e+02
   6.6233554e+02
   4.8533692e+02
   1.0619305e+03
   1.0424088e+03
   5.6509624e+02
   7.3272183e+02
   4.7769498e+02
   1.1260186e+03
   3.6947477e+02
   6.7138375e+02
   9.2204488e+02
   6.6827288e+02
   7.4802536e+02
   6.6372044e+02
   6.7441717e+02
   4.9834813e+02
   7.1744204e+02
   6.5142345e+02
   7.5068292e+02
   5.6210421e+02
   5.2069744e+02
   6.0588637e+02
   5.1751223e+02
   5.5488965e+02
   5.0678695e+02
   5.0504465e+02
   6.5550478e+02
   4.5877557e+02
   6.6816963e+02
   9.5063769e+02
   4.3769139e+02
   6.8298582e+02
   4.8653923e+02
   7.1328914e+02
   5.3453203e+02
   5.7976134e+02
   7.5134967e+02
   9.3197204e+02
   6.0399282e+02
   6.8066998e+02
   6.8841914e+02
   5.1746147e+02
   6.4549419e+02
   9.1407334e+02
   4.7355003e+02
   6.7106576e+02
   6.9362443e+02
   7.6945995e+02
   9.6036941e+02
   7.2314164e+02
   6.9287468e+02
   6.2578820e+02
   8.5643927e+02
   4.5058766e+02
   6.4932668e+02
   6.1625432e+02
   6.7852962e+02
   6.3789476e+02
   1.1660555e+03
   7.4755726e+02
   5.8577334e+02
   1.2095582e+03
   8.7654152e+02
   5.2283668e+02
   9.8123579e+02
   6.0935195e+02
   6.0222929e+02
   6.0303490e+02
   8.8720245e+02
   4.7395358e+02
   7.2890731e+02
   6.5968086e+02
   7.3839477e+02
   4.9188973e+02
   7.0814385e+02
   8.1605110e+02
   4.8667968e+02
   5.6976318e+02
   6.0378712e+02
   9.2841384e+02
   6.3720340e+02
   7.8302560e+02
   4.1842225e+02
   4.4435380e+02
   4.2677549e+02
   6.5001489e+02
   6.0541716e+02
   8.7415715e+02
   6.3201815e+02
   4.5453247e+02
   4.9444659e+02
   7.1424979e+02
   4.3361074e+02
   9.4075263e+02
   7.9886007e+02
   6.4740822e+02
   7.1943466e+02
   3.5965413e+02
   4.4720346e+02
   9.1703160e+02
   4.7553482e+02
   7.6052149e+02
   6.8756814e+02
   7.0182652e+02
   1.2247005e+03
   4.4342638e+02
   5.1209185e+02
   7.0342790e+02
   6.5802856e+02
   8.5363242e+02
   4.7849310e+02
   7.2090548e+02
   8.0346242e+02
   6.4554409e+02
   3.8994645e+02
   7.1485421e+02
   7.5250000e+02
   1.1126681e+03
   7.1303491e+02
   4.2263286e+02
   4.6776124e+02
   9.0816672e+02
   8.1183210e+02
   6.6428757e+02
   4.7311517e+02
   8.7382037e+02
   5.4855884e+02
   7.8170440e+02
   9.1032820e+02
   7.4499050e+02
   6.3433177e+02
   6.9896469e+02
   7.0063753e+02
   4.9405621e+02
   7.1270876e+02
   3.9460962e+02
   7.1726806e+02
   8.4092870e+02
   4.7055194e+02
   3.7525394e+02
   5.7815238e+02
   5.5494032e+02
   8.6228254e+02
   1.2260023e+03
   3.1692055e+02
   6.4514444e+02
   9.3416919e+02
   3.8446662e+02
   7.1812899e+02
   3.7766577e+02
   6.9760935e+02
   7.3097149e+02
   5.7201144e+02
   4.3738228e+02
   6.9315083e+02
   7.0856770e+02
   8.4850876e+02
   9.6714866e+02
   8.8586709e+02
   6.9966793e+02
   7.1300580e+02
   7.2151938e+02
   5.0461621e+02
   6.7553253e+02
   6.8341695e+02
   6.7707809e+02
   7.2109186e+02
   4.5433221e+02
   7.0113578e+02
   3.6486796e+02
   6.4445456e+02
   4.4587093e+02
   6.9291727e+02
   8.8937384e+02
   6.8327422e+02
   4.1224271e+02
   5.4558779e+02
   8.8106943e+02
   4.7728934e+02
   7.8540517e+02
   7.0731813e+02
   6.0379342e+02
   6.1349926e+02
   6.4706462e+02
   6.2923375e+02
   6.5268438e+02
   4.4573984e+02
   9.5690785e+02
   4.9543162e+02
   8.4991023e+02
   7.0263822e+02
   4.0065264e+02
   1.0650824e+03
   3.1969052e+02
   7.4651151e+02
   6.5785986e+02
   7.3247655e+02
   3.8847741e+02
   7.5047125e+02
   5.8224853e+02
   6.6291076e+02
   4.7881841e+02
   6.1755560e+02
   8.3494181e+02
   7.3995459e+02
   7.1187717e+02
   5.7696056e+02
   5.6267541e+02
   6.0169215e+02
   6.2247190e+02
   7.3439755e+02
   7.9467002e+02
   5.1970234e+02
   8.7615252e+02
   7.8682321e+02
   4.3376271e+02
   7.7591662e+02
   6.3527950e+02
   5.3451069e+02
   8.4138114e+02
   4.5181945e+02
   5.0932393e+02
   5.6214726e+02
   5.0477780e+02
   6.9280042e+02
   9.0652440e+02
   4.0446793e+02
   7.0661012e+02
   7.2405517e+02
   1.8372609e+03
   7.8442009e+02
   6.1713150e+02
   7.4324644e+02
   6.0626136e+02
   7.1234805e+02
   6.1395299e+02
   9.2615392e+02
   6.8146854e+02
   5.4262711e+02
   6.9444162e+02
   6.8713372e+02
   7.6951994e+02
   9.7059008e+02
   5.2993388e+02
   6.4720013e+02
   5.8865200e+02
   6.0831673e+02
   9.0853765e+02
   5.0079250e+02
   6.9430279e+02
   4.8917448e+02
   7.0035872e+02
   7.0329799e+02
   7.2488572e+02
   8.6144578e+02
   4.8711189e+02
   5.9920023e+02
   6.4855107e+02
   4.2060823e+02
   9.1972552e+02
   4.7539025e+02
   6.0340722e+02
   8.8480947e+02
   5.1556222e+02
   5.1705072e+02
   3.7004203e+02
   6.0773488e+02
   7.0421376e+02
   4.8128133e+02
   6.7796494e+02
   1.0239883e+03
   4.6240861e+02
   8.9737222e+02
   8.3355822e+02
   6.2723560e+02
   1.1308774e+03
   6.4027035e+02
   6.9982565e+02
   6.2975411e+02
   7.3836759e+02
   8.1556239e+02
   8.3255900e+02
   4.5295108e+02
   6.4149562e+02
   9.2514010e+02
   4.8027084e+02
   8.0948286e+02
   9.8010862e+02
   5.7665285e+02
   6.8837878e+02
   9.1148403e+02
   7.9001302e+02
   5.6234691e+02
   8.0925630e+02
   8.9178154e+02
   7.9774713e+02
   4.8007402e+02
   6.8409478e+02
   6.2651838e+02
   5.3639623e+02
   6.4124791e+02
   6.8959458e+02
   7.7960783e+02
   6.5834330e+02
   5.9419681e+02
   4.1785594e+02
   6.9953132e+02
   6.7523316e+02
   8.2851280e+02
   6.7045093e+02
   1.0058499e+03
   6.6188220e+02
   9.5314946e+02
   6.9111352e+02
   5.6481486e+02
   6.4056895e+02
   7.2049130e+02
   5.8477487e+02
   9.7044265e+02
   4.4679104e+02
   7.6243332e+02
   4.4487649e+02
   6.6876690e+02
   7.0238907e+02
   6.2250393e+02
   7.2177561e+02
   1.0605299e+03
   8.6162707e+02
   7.0750006e+02
   6.8598100e+02
   6.4576065e+02
   5.6542510e+02
   7.1744552e+02
   5.2966538e+02
   6.7491106e+02
   6.4713655e+02
   8.0814014e+02
   5.6083337e+02
   6.8096048e+02
   8.4144531e+02
   4.9451950e+02
   7.6335110e+02
   7.3871318e+02
   7.0953244e+02
   9.2936585e+02
   5.0919120e+02
   7.2243860e+02
   7.4311850e+02
   1.2660121e+03
   4.4196466e+02
   6.6768814e+02
   7.3893749e+02
   4.7730956e+02
   4.8461845e+02
   5.9918838e+02
   5.8474304e+02
   6.8364946e+02
   6.4943193e+02
   9.2384965e+02
   6.2787016e+02
   6.7206444e+02
   4.7444585e+02
   4.7532774e+02
   9.9395144e+02
   5.0567979e+02
   3.8355100e+02
   6.8620118e+02
   8.9291191e+02
   5.2808788e+02
   7.1811839e+02
   5.0215179e+02
   5.8960771e+02
   7.4696114e+02
   6.6999830e+02
   7.1137186e+02
   7.9052957e+02
   7.1552739e+02
   6.9055417e+02
   6.6594109e+02
   5.0902400e+02
   5.8053214e+02
   9.2117831e+02
   7.0962420e+02
   9.4097215e+02
   4.9205005e+02
   6.8142907e+02
   6.1406904e+02
   6.4809139e+02
   9.7599308e+02
   6.2439629e+02
   6.3330844e+02
   8.3918406e+02
   1.1238836e+03
   4.7595411e+02
   5.4062708e+02
   5.7790112e+02
   7.0976230e+02
   9.3341224e+02
   7.4391350e+02
   9.4704554e+02
   3.9649475e+02
   9.4864093e+02
   7.7155308e+02
   6.3460870e+02
   7.4301944e+02
   6.7465886e+02
   6.4516093e+02
   6.3526890e+02
   6.6740822e+02
   6.7931791e+02
   7.6033584e+02
   6.9544642e+02
   9.0456641e+02
   7.3622772e+02
   6.8027514e+02
   6.4614941e+02
   7.9928248e+02
   6.9843824e+02
   8.2286249e+02
   7.7459477e+02
   6.9410673e+02
   7.7503090e+02
   6.1419914e+02
   5.8850976e+02
   6.9913798e+02
   9.5252655e+02
   6.6922472e+02
   7.5042470e+02
   1.0277582e+03
   5.9520127e+02
   6.4465770e+02
   7.2163560e+02
   9.3349969e+02
   6.8784743e+02
   7.5227930e+02
   4.3705014e+02
   4.4889626e+02
   5.4612491e+02
   6.4096081e+02
   3.8310271e+02
   1.1087617e+03
   5.9726453e+02
   9.8096596e+02
   7.9344976e+02
   6.4970769e+02
   7.9880476e+02
   6.5789503e+02
   7.0702159e+02
   6.6938908e+02
   1.1041554e+03
   4.0902940e+02
   7.7665745e+02
   1.2686930e+03
   7.2540736e+02
   4.5671696e+02
   7.2081495e+02
   7.6496049e+02
   9.1882529e+02
   6.8190546e+02
   8.1098222e+02
   8.3005049e+02
   4.8862622e+02
   3.8639272e+02
   4.8141361e+02
   7.0746138e+02
   9.2166075e+02
   4.3596513e+02
   5.4667918e+02
   3.4808092e+02
   7.6513538e+02
   9.8021247e+02
   3.6672219e+02
   8.7180421e+02
   4.5464781e+02
   6.7730774e+02
   7.6548740e+02
   4.7415758e+02
   7.1958574e+02
   1.0649130e+03
   6.1233978e+02
   7.8227766e+02
   7.3811771e+02
   5.5816707e+02
   6.7921943e+02
   5.2634456e+02
   7.9107750e+02
   8.1390019e+02
   5.2188691e+02
   6.3092202e+02
   6.3997365e+02
   7.7601268e+02
   6.9871208e+02
   7.4456760e+02
   6.4868074e+02
   8.8267778e+02
   6.9616243e+02
   6.4371780e+02
   8.0776008e+02
   7.4466093e+02
   6.8008190e+02
   1.0587228e+03
   4.5092383e+02
   9.5883929e+02
   6.4329683e+02
   1.0122672e+03
   3.9908334e+02
   6.1196808e+02
   5.7518923e+02
   4.2917812e+02
   5.3163536e+02
   5.3745953e+02
   6.9792770e+02
   7.2616830e+02
   6.8876814e+02
   8.3061481e+02
   4.4325125e+02
   4.5672388e+02
   9.3592018e+02
   7.1683295e+02
   8.9488383e+02
   8.0645478e+02
   1.0573752e+03
   3.7664056e+02
   9.4228286e+02
   4.3031161e+02
   8.3071257e+02
   7.5333410e+02
   7.1912822e+02
   1.2004574e+03
   6.9081352e+02
   6.8937612e+02
   7.7057784e+02
   8.1452981e+02
   7.6780648e+02
   4.6404265e+02
   3.7063533e+02
   5.1744386e+02
   6.5271684e+02
   8.5035190e+02
   7.6927942e+02
   1.1423036e+03
   7.8170962e+02
   7.0062008e+02
   6.9183717e+02
   6.7699647e+02
   5.8705645e+02
   8.9013111e+02
   4.5782223e+02
   7.9423850e+02
   3.5872417e+02
   4.7178826e+02
   7.1146934e+02
   6.4239452e+02
   5.6357140e+02
   6.0150848e+02
   7.3677145e+02
   6.7397086e+02
   5.8845678e+02
   6.3467837e+02
   7.4756976e+02
   1.2594247e+03
   4.6779372e+02
   7.2526015e+02
   7.8858522e+02
   3.8034417e+02
   8.7025414e+02
   7.6844467e+02
   8.7020777e+02
   7.0016303e+02
   6.6202285e+02
   7.6879067e+02
   3.5999404e+02
   7.1102398e+02
   8.0960746e+02
   6.6547517e+02
   1.1046820e+03
   4.7518844e+02
   7.1041689e+02
   6.7670069e+02
   7.6712863e+02
   8.7020262e+02
   4.3213265e+02
   7.0688330e+02
   3.4141990e+02
   6.3377059e+02
   7.0484252e+02
   6.6426564e+02
   5.3554193e+02
   6.4801694e+02
   1.0859965e+03
   3.5001219e+02
   1.0558242e+03
   6.8261644e+02
   4.5029914e+02
   1.0556387e+03
   8.8616908e+02
   6.3193558e+02
   6.5717182e+02
   9.4095411e+02
   9.4833102e+02
   7.6284881e+02
   6.1043843e+02
   6.5191597e+02
   7.3198146e+02
   8.8392373e+02
   9.0927853e+02
   8.5865729e+02
   6.1862271e+02
   5.7228744e+02
   6.5834801e+02
   3.7909602e+02
   1.0886060e+03
   4.4260679e+02
   7.5343481e+02
   1.0356458e+03
   4.3425363e+02
   4.7078094e+02
   5.9679457e+02
   9.3610518e+02
   5.0023947e+02
   6.5400878e+02
   4.4995175e+02
   4.2381910e+02
   7.1783889e+02
   8.2310162e+02
   1.0939352e+03
   7.9213910e+02
   7.1537373e+02
   8.1571741e+02
   6.0807277e+02
   6.8007004e+02
   7.3312837e+02
   6.9291063e+02
   8.2152315e+02
   4.7161512e+02
   8.7234707e+02
   7.2295305e+02
   7.1128957e+02
   6.4974816e+02
   6.7544396e+02
   5.8960032e+02
   7.0367081e+02
   6.9230078e+02
   6.4298030e+02
   7.4020568e+02
   6.5697620e+02
   4.8534710e+02
   6.4202602e+02
   6.0838130e+02
   9.0370225e+02
   6.0367171e+02
   6.6453060e+02
   5.8775981e+02
   3.7359135e+02
   7.8098997e+02
   7.7785986e+02
   4.6429974e+02
   9.0094114e+02
   7.3604690e+02
   1.1971974e+03
   6.5482654e+02
   6.2772985e+02
   7.1905523e+02
   4.6241870e+02
   4.8725380e+02
   6.2420950e+02
   7.3935990e+02
   5.8772941e+02
   4.9544203e+02
   6.7154035e+02
   6.2598521e+02
   7.9330037e+02
   6.9742601e+02
   6.8394438e+02
   4.7062952e+02
   3.8484131e+02
   1.0728458e+03
   7.8752805e+02
   5.6283952e+02
   6.4290308e+02
   6.9045140e+02
   7.1224019e+02
   4.7572040e+02
   7.3272319e+02
   7.4419537e+02
   8.5070613e+02
   1.1488043e+03
   6.4635068e+02
   6.7186284e+02
   7.9351946e+02
   5.0501688e+02
   6.0260026e+02
   5.1686231e+02
   5.0370454e+02
   7.6885569e+02
   1.0090612e+03
   4.2676116e+02
   8.7963460e+02
   7.0175050e+02
   5.9333758e+02
   1.1614843e+03
   1.2281363e+03
   4.6998076e+02
   9.0919842e+02
   5.5719969e+02
   6.7514092e+02
   8.4397091e+02
   4.2182185e+02
   4.8125203e+02
   6.4041455e+02
   4.6466326e+02
   6.7894323e+02
   7.4465298e+02
   3.5305391e+02
   8.3935512e+02
   6.7365452e+02
   7.0574733e+02
   7.9810167e+02
   5.5779697e+02
   1.1414596e+03
   8.9033513e+02
   7.0077358e+02
   6.6966118e+02
   4.5033064e+02
   6.5382007e+02
   8.7781858e+02
   8.8314281e+02
   4.5878326e+02
   4.8361988e+02
   7.2119472e+02
   8.6988878e+02
   6.7288252e+02
   4.1942477e+02
   6.1509133e+02
   8.0527319e+02
   5.2688182e+02
   5.9377098e+02
   7.1806552e+02
   9.8879241e+02
   4.4844399e+02
   6.7532524e+02
   4.0626464e+02
   7.0225176e+02
   7.0455491e+02
   9.4802207e+02
   7.5577301e+02
   5.9691037e+02
   7.0461897e+02
   6.3906460e+02
   8.7899659e+02
   6.5530324e+02
   5.7975415e+02
   7.8481693e+02
   4.7415766e+02
   7.8800549e+02
   7.2868670e+02
   7.2645356e+02
   4.6880820e+02
   7.5176088e+02
   6.6294196e+02
   7.1021101e+02
   8.5311672e+02
   6.8375421e+02
   8.8684460e+02
   3.8648791e+02
   5.4127282e+02
   8.6029533e+02
   6.9215725e+02
   1.0898361e+03
   1.0025781e+03
   5.2111716e+02
   4.5435316e+02
   5.0604848e+02
   6.7972056e+02
   6.9970268e+02
   6.7269700e+02
   8.6660871e+02
   6.9363588e+02
   7.3213999e+02
   5.1167252e+02
   4.8734709e+02
   8.4167816e+02
   6.6295905e+02
   5.1115489e+02
   4.8914326e+02
   7.5574203e+02
   6.6818788e+02
   1.0899051e+03
   5.8964686e+02
   6.3596801e+02
   7.1446903e+02
   6.5114975e+02
   3.7682411e+02
   6.4736712e+02
   6.7076585e+02
   7.5649938e+02
   7.3557283e+02
   6.8499895e+02
   5.0501574e+02
   1.0542338e+03
   4.6996998e+02
   5.4210366e+02
   6.2562477e+02
   7.5898775e+02
   6.7254953e+02
   5.0079400e+02
   7.0177372e+02
   6.7726934e+02
   6.9101913e+02
   8.9395360e+02
   1.0962239e+03
   3.2885312e+02
   6.9249340e+02
   4.7183760e+02
   6.7437139e+02
   5.7071300e+02
   6.9012649e+02
   8.8921942e+02
   6.2727937e+02
   7.3156918e+02
   8.0515383e+02
   7.2689233e+02
   7.7060152e+02
   6.4019042e+02
   9.0644220e+02
   4.8229924e+02
   1.0074265e+03
   3.4201796e+02
   7.6145323e+02
   4.6930582e+02
   6.9541927e+02
   7.3979258e+02
   6.4281172e+02
   6.6371984e+02
   6.2071380e+02
   6.8273163e+02
   8.2747342e+02
   7.3541468e+02
   5.4465220e+02
   9.3073335e+02
   4.8879412e+02
   4.8423125e+02
   7.3129149e+02
   7.2130713e+02
   7.1254496e+02
   9.2235093e+02
   6.4501667e+02
   6.4834436e+02
   5.8585574e+02
   4.6315723e+02
   6.5760287e+02
   4.7707730e+02
   8.7822595e+02
   6.6882837e+02
   4.1042826e+02
   6.2947482e+02
   7.9453474e+02
   7.3565189e+02
   6.8502926e+02
   6.5274386e+02
   5.6841060e+02
   9.2760815e+02
   4.6642864e+02
   7.0470655e+02
   6.5556980e+02
   9.1502757e+02
   5.4585822e+02
   6.2717425e+02
   5.9772730e+02
   6.6025853e+02
   6.9112192e+02
   7.9092929e+02
   5.4803368e+02
   8.6059685e+02
   4.8014990e+02
   7.4442386e+02
   6.3257761e+02
   3.2144814e+02
   6.4407441e+02
   4.9179025e+02
   6.3899296e+02
   7.0622295e+02
   4.3646236e+02
   7.4136599e+02
   7.1074537e+02
   5.5211895e+02
   7.4188619e+02
   7.2420240e+02
   4.1593235e+02
   6.6652514e+02
   8.5389682e+02
   5.9740105e+02
   8.9928918e+02
   9.2341377e+02
   4.7270911e+02
   6.1317808e+02
   8.0745922e+02
   5.6321548e+02
   8.1782988e+02
   7.9724940e+02
   6.1570365e+02
   6.6450522e+02
   1.2021659e+03
   4.4184775e+02
   6.5000105e+02
   8.2052086e+02
   7.3194233e+02
   1.0634261e+03
   7.2185172e+02
   9.1725523e+02
   7.0697350e+02
   6.4916584e+02
   7.7326561e+02
   6.2598918e+02
   6.2873512e+02
   6.8551334e+02
   7.9527896e+02
   8.8079529e+02
   7.9487118e+02
   7.1179055e+02
   7.0855411e+02
   9.0568805e+02
   6.8670209e+02
   6.3441233e+02
   7.3414565e+02
   6.0201778e+02
   6.6679544e+02
   7.1018112e+02
   8.9191801e+02
   4.6017512e+02
   9.8607023e+02
   7.1439969e+02
   6.3031383e+02
   7.2394747e+02
   7.5664172e+02
   7.7619308e+02
   6.4283945e+02
   1.0856526e+03
   6.4318819e+02
   7.0278856e+02
   6.9256806e+02
   1.0172353e+03
   5.8710449e+02
   8.9543871e+02
   4.0383981e+02
   9.5047098e+02
   3.9451860e+02
   6.8427512e+02
   6.7237226e+02
   5.7972429e+02
   4.3420222e+02
   7.7574239e+02
   3.9886390e+02
   7.5168279e+02
   6.0909843e+02
   9.8725889e+02
   5.2444313e+02
   7.5420198e+02
   9.1021586e+02
   1.0150222e+03
   6.3241601e+02
   5.5920237e+02
   7.3730566e+02
   6.1818724e+02
   8.1785119e+02
   6.6443664e+02
   8.6348569e+02
   5.0320049e+02
   7.0142610e+02
   7.2225076e+02
   7.9797864e+02
   6.2427661e+02
   6.1999374e+02
   6.2846539e+02
   6.8009805e+02
   9.4477710e+02
   3.8914626e+02
   6.4670058e+02
   7.3969826e+02
   1.0838323e+03
   3.9851806e+02
   7.7718037e+02
   6.5448967e+02
   9.3418971e+02
   6.8277351e+02
   5.7677957e+02
   7.7001346e+02
   6.5458520e+02
   6.9837137e+02
   7.2038886e+02
   4.8983053e+02
   9.5074622e+02
   5.2249931e+02
   6.9785378e+02
   8.5833665e+02
   4.4282006e+02
   7.5615882e+02
   8.8941649e+02
   5.4037736e+02
   5.5931684e+02
   8.5983894e+02
   7.6135036e+02
   3.7795109e+02
   6.9324758e+02
   5.2932919e+02
   6.5890931e+02
   5.3282766e+02
   6.0426467e+02
   4.6002367e+02
   6.8287778e+02
   7.0251319e+02
   9.3937742e+02
   4.2535784e+02
   6.4519222e+02
   4.4651144e+02
   7.6787258e+02
   5.0598670e+02
   4.0784851e+02
   4.5170226e+02
   6.1297311e+02
   6.5410097e+02
   5.7551999e+02
   6.9153896e+02
   6.1490036e+02
   7.0214119e+02
   9.5531042e+02
   5.2556182e+02
   7.2653921e+02
   5.4464420e+02
   4.9352070e+02
   6.6834326e+02
   8.2653650e+02
   5.0633400e+02
   6.5129949e+02
   7.3762393e+02
   1.1478277e+03
   4.9220227e+02
   6.7311270e+02
   6.1537228e+02
   7.6204066e+02
   6.7832624e+02
   1.1964589e+03
   5.4374633e+02
   7.0209600e+02
   6.2753135e+02
   5.8154211e+02
   8.7089620e+02
   6.1218511e+02
   5.0146420e+02
   7.4872032e+02
   5.4217472e+02
   9.0083849e+02
   6.2901345e+02
   6.8032264e+02
   6.5429770e+02
   6.3513023e+02
   1.0317367e+03
   4.7530868e+02
   1.1160817e+03
   6.1542838e+02
   4.8834120e+02
   6.1932579e+02
   8.7406108e+02
   4.9173297e+02
   6.4859221e+02
   4.4208821e+02
   7.2033178e+02
   6.4941358e+02
   7.4467933e+02
   5.6160723e+02
   7.3303451e+02
   7.2014371e+02
   7.5707418e+02
   7.4545152e+02
   5.8307717e+02
   6.9760796e+02
   6.2940096e+02
   6.9849641e+02
   7.3837765e+02
   6.6972292e+02
   1.2230547e+03
   7.1229839e+02
   9.1789099e+02
   1.1666084e+03
   4.5864947e+02
   6.4802656e+02
   8.4545602e+02
   8.0811464e+02
   4.8042971e+02
   7.3863363e+02
   7.8748320e+02
   5.7954586e+02
   9.3203405e+02
   3.3633098e+02
   5.2436366e+02
   4.5862004e+02
   9.4102047e+02
   6.7572462e+02
   6.8341367e+02
   7.5403357e+02
   6.0808167e+02
   4.6478775e+02
   4.6027866e+02
   9.5119056e+02
   4.2395686e+02
   5.7818566e+02
   7.0445982e+02
   8.2219062e+02
   8.6156802e+02
   6.6299873e+02
   6.9281983e+02
   4.6136826e+02
   6.0065977e+02
   4.1358959e+02
   7.2422149e+02
   5.5146759e+02
   6.4787671e+02
   7.4004676e+02
   6.6618718e+02
   5.6122268e+02
   7.1233902e+02
   6.8823322e+02
   7.0913566e+02
   7.9294944e+02
   6.9679682e+02
   7.4238208e+02
   5.3126956e+02
   5.2239913e+02
   6.7447828e+02
   3.9974518e+02
   9.5720961e+02
   7.4374587e+02
   9.0226860e+02
   6.1759317e+02
   9.5211832e+02
   5.7226900e+02
   6.2866581e+02
   9.9129159e+02
   4.5406561e+02
   6.8312050e+02
   8.3759315e+02
   6.3226255e+02
   4.2243198e+02
   6.5157924e+02
   6.2675130e+02
   6.6524447e+02
   7.3882986e+02
   5.9880556e+02
   5.0672751e+02
   6.4759301e+02
   4.3383133e+02
   6.1954168e+02
   8.9901926e+02
   4.1155044e+02
   6.5312582e+02
   7.8023183e+02
   9.6848408e+02
   3.6596016e+02
   3.9127554e+02
   4.3132923e+02
   8.8357903e+02
   8.3276196e+02
   7.1645142e+02
   7.1733489e+02
   7.8031892e+02
   3.6475443e+02
   3.5916084e+02
   4.8510394e+02
   8.4720519e+02
   7.6194219e+02
   8.7629172e+02
   6.8826814e+02
   6.8508926e+02
   6.0791754e+02
   7.1822613e+02
   6.6228067e+02
   7.0828341e+02
   1.1661849e+03
   4.0145567e+02
   7.7839588e+02
   3.7453263e+02
   7.1011437e+02
   7.3140491e+02
   4.6956573e+02
   8.5271080e+02
   5.1218320e+02
   4.3234193e+02
   7.1055275e+02
   4.8867448e+02
   6.7547696e+02
   8.2788862e+02
   5.7076293e+02
   6.6597607e+02
   9.2322101e+02
   3.4103603e+02
   7.6161013e+02
   7.5412309e+02
   6.6176821e+02
   6.8008534e+02
   8.8312666e+02
   4.8526709e+02
   6.9345022e+02
   1.0441318e+03
   7.1774346e+02
   6.1321239e+02
   1.1069395e+03
   5.0923583e+02
   6.6959195e+02
   1.2392654e+03
   6.9118639e+02
   6.2964855e+02
   6.8093261e+02
   7.4643396e+02
   6.8587685e+02
   9.2388659e+02
   4.6793204e+02
   6.8903710e+02
   1.1892017e+03
   4.7214169e+02
   6.1782932e+02
   8.7866404e+02
   5.0328877e+02
   7.7965484e+02
   8.6920666e+02
   7.1479087e+02
   1.1241187e+03
   6.2701691e+02
   6.0827863e+02
   4.7366336e+02
   7.3436464e+02
   6.7119515e+02
   6.6597364e+02
   9.9074712e+02
   5.4049466e+02
   4.4248314e+02
   8.1324362e+02
   5.9685741e+02
   7.8957070e+02
   5.4756396e+02
   7.5119165e+02
   7.3046528e+02
   7.1788802e+02
   7.4119310e+02
   9.3202135e+02
   4.6008036e+02
   7.8944094e+02
   5.0459089e+02
   7.0953293e+02
   5.7593770e+02
   5.9401592e+02
   6.3530103e+02
   7.2830877e+02
   7.3812499e+02
   8.7292103e+02
   1.0620664e+03
   3.8865216e+02
   8.2034528e+02
   4.4903348e+02
   6.4760042e+02
   6.7573086e+02
   4.3461112e+02
   7.6150049e+02
   7.1277993e+02
   7.2920184e+02
   6.6567957e+02
   6.5684361e+02
   4.4256800e+02
   8.8848872e+02
   4.4051298e+02
   6.2997876e+02
   4.9036660e+02
   9.0347733e+02
   5.9965256e+02
   7.3248640e+02
   6.6146915e+02
   6.3453601e+02
   7.8350790e+02
   4.4866410e+02
   4.4363421e+02
   6.4576442e+02
   5.6106448e+02
   4.3176624e+02
   7.0355994e+02
   6.4063406e+02
   4.4552759e+02
   6.3316192e+02
   3.6411102e+02
   6.6051156e+02
   6.5547236e+02
   7.0319554e+02
   6.8393938e+02
   6.5295390e+02
   6.7678667e+02
   6.1237454e+02
   6.7833735e+02
   9.0699191e+02
   6.8318218e+02
   8.8241508e+02
   7.4022671e+02
