1.79615
1.10132
1.75636
1.45422
1.29514
1.05267
1.3074
1.20301
1.07708
1.52618
1.02903
1.64006
2.39479
1.00039
3.42756
1.48049
1.47293
1.00355
1.01167
1.37198
1.2553
1.02389
2.82015
1.13249
1.04749
1.48167
1.24101
3.04411
1.31439
1.98284
1.5702
1.29937
1.00668
2.4254
1.41424
1.24341
1.00805
1.13126
1.13789
1.57484
1.4708
1.89546
1.0952
1.24802
1.10059
1.70399
1.27683
1.11656
1.41932
1.01591
1.92348
1.2987
1.25139
2.30632
1.64964
1.19766
1.4225
1.36785
2.62431
1.93066
1.68782
1.38793
1.44185
2.67986
1.46702
1.16148
1.17568
1.09032
1.00788
1.2753
1.25117
1.17371
1.00709
1.11085
1.62126
1.78074
1.46565
2.30388
1.52645
2.23231
1.94869
1.29842
1.05014
1.23167
1.55258
1.54819
1.44738
1.1606
1.41191
1.24138
2.78266
1.94495
1.63958
1.13458
1.1479
1.02064
1.62008
1.05877
1.28932
1.11265
2.13055
1.32253
1.41423
1.59457
1.07502
1.4637
1.38809
1.11349
2.43107
1.45673
1.59337
2.06208
1.48955
1.17523
1.05574
1.30489
1.12323
1.26936
2.07399
1.19604
1.0651
1.22026
2.18666
1.15882
1.52162
1.00026
1.21737
1.18176
1.08996
1.38188
1.33163
1.58954
1.15695
1.13994
1.09214
1.12344
1.40834
1.25862
1.03355
1.14646
1.14176
1.59586
1.62287
1.08014
4.0463
1.15516
2.87783
1.2647
1.0168
1.21161
1.50304
1.57082
1.37851
1.29691
1.40248
1.4491
1.04215
1.23074
1.13864
1.81263
1.31772
3.04987
1.25443
1.84758
1.8006
1.08168
1.35484
1.59506
1.97723
1.19723
1.12439
1.62092
1.82905
1.21437
1.05056
2.41108
1.25339
1.36465
1.90919
1.56303
1.66442
1.11727
1.38984
1.59501
1.12974
1.09616
3.01339
1.36349
1.15111
3.79349
2.68223
1.40855
2.07124
1.10456
1.16347
1.60258
1.93755
1.9701
1.25918
2.0936
1.95166
2.37159
1.76935
1.5528
1.43457
1.23283
2.40782
2.81841
1.16698
1.18218
1.33239
1.29749
3.59765
1.09675
1.00912
1.3405
1.09851
1.22822
1.68162
1.63816
1.18413
1.39103
1.35547
1.50576
1.14415
1.44564
2.92907
1.33349
2.18276
1.28493
1.21545
1.51796
1.5527
1.99817
1.1308
1.34577
1.42432
1.7317
1.02229
3.60612
1.31739
1.16395
2.07491
1.68861
2.52957
1.2008
1.40234
1.42466
2.96437
1.03917
1.18242
1.10592
1.15631
1.33207
1.23315
1.25101
1.92963
2.32975
1.03651
1.11718
1.55607
1.22209
1.14662
1.17498
1.19471
1.94415
1.07345
1.61706
1.4024
1.17585
1.27217
1.148
1.47275
1.04256
1.0026
1.49429
1.10801
1.03679
1.25274
1.02605
2.08849
1.014
1.4324
1.28855
1.55741
1.19886
1.08423
3.00429
1.91297
1.9845
1.14401
1.0198
1.18068
1.3851
1.19775
1.87975
1.15841
2.67981
1.30557
1.92265
1.10807
1.26497
1.60117
1.07445
1.07121
2.74562
1.62692
1.02097
1.25443
1.28416
1.68137
1.14442
1.10187
1.04217
1.27958
1.58318
1.02998
2.23381
1.29201
1.13708
1.04929
1.10098
2.36372
1.50843
1.36355
1.53517
1.28606
1.65474
1.02445
1.4174
1.08637
1.06401
1.20918
1.04814
1.04944
1.18656
2.94392
1.09639
1.00866
1.72062
1.82231
1.21256
1.31244
1.52459
1.02463
2.4894
2.08877
1.15116
1.00771
2.3548
1.34761
1.38759
1.57595
1.47836
2.44023
2.44345
2.00945
1.50586
1.8071
1.56531
1.42592
1.06877
1.83354
1.85918
1.49167
1.85859
1.52704
1.11577
1.16008
1.12077
1.23681
1.01987
1.4815
1.20515
1.53315
1.24339
1.57224
1.20823
1.15102
1.34263
1.59028
1.21411
2.37953
1.01999
1.2706
2.7145
1.39701
1.27536
1.42027
1.42892
1.65773
1.06831
1.14385
1.4344
2.00914
1.41262
1.1363
1.56947
1.67336
1.13606
1.23719
1.38214
1.34315
1.24684
1.17665
1.05267
1.02748
2.59153
1.93913
1.21918
2.57097
1.5647
1.32939
1.33965
1.04348
1.04809
1.46121
1.40339
1.11959
2.46119
1.76002
1.06022
2.33631
2.82963
3.75221
1.02875
1.66787
1.39474
1.6118
2.7313
1.58242
1.90689
2.00821
1.91157
1.27764
1.12588
1.25263
2.11233
1.07927
1.36008
1.13278
1.43531
1.99439
2.06163
1.13504
2.19132
1.44811
1.21556
1.61581
1.32857
1.2374
1.61053
1.14299
1.20043
1.28498
1.1463
1.25977
1.4237
1.67541
1.72878
1.86521
1.6817
1.57134
1.13558
1.2556
1.32477
1.04326
1.37578
1.28665
1.81002
2.9061
1.40597
1.19481
1.02219
2.29276
2.25737
1.14584
1.5944
1.03922
1.09089
1.12219
1.17442
3.74008
1.59689
1.24242
1.66799
2.23405
2.59348
1.0298
1.25087
1.05645
1.20448
1.09297
1.52043
1.24573
1.13029
1.15458
1.22341
1.15052
1.30187
1.01642
1.16409
1.26484
1.46163
1.15801
1.07146
1.03963
2.41116
1.26947
1.43514
2.25774
1.04319
2.04641
1.40102
1.09006
1.26488
1.75164
1.32732
3.10948
1.23639
1.6923
1.2496
1.88353
1.42092
1.03281
1.01876
1.07185
1.00688
1.03917
1.58836
1.38216
1.69297
2.22188
1.43992
1.64753
1.70751
1.23729
1.13793
1.11474
1.1448
1.16061
1.11611
2.05277
1.70735
1.02402
1.15645
1.01122
1.34474
1.32333
1.89003
1.18392
1.84746
2.7206
1.04628
1.78467
1.44575
1.32701
1.27283
1.76779
1.50994
1.81749
2.1673
1.4802
2.96772
1.46836
1.50619
1.40463
1.04771
1.64804
1.39642
1.29975
2.2066
1.17688
1.37075
1.59807
1.79598
1.30749
1.92287
1.73249
1.03427
1.02347
1.48485
1.21341
1.11731
1.43333
1.20894
1.3853
1.3082
1.43946
1.25566
1.59811
1.09927
1.59619
1.26523
2.037
1.36205
2.80801
1.46057
1.1267
1.8624
1.21162
1.21356
1.01616
1.39783
1.38224
1.22002
2.12318
1.06891
1.20031
1.194
1.04842
1.32807
1.58203
1.35837
1.08538
1.23683
1.0013
2.01362
1.04415
1.45475
3.14361
1.38457
2.28879
1.13467
1.71347
1.37886
1.63741
1.03218
1.07993
1.07143
1.58104
1.93036
1.69238
1.01547
2.00951
1.21859
1.25305
1.05539
1.66857
1.10062
1.41502
1.91851
1.04672
1.38322
1.13278
1.20998
1.3212
1.21933
1.52323
1.32656
1.43877
1.66746
1.40793
1.44159
1.41558
1.23803
1.20583
2.14953
1.46768
1.14009
1.34482
1.2005
2.35672
1.00378
1.12766
1.22735
1.33453
1.95129
1.046
1.8196
1.02863
1.92357
1.02651
1.00921
1.59695
3.94909
2.13462
1.42901
2.24685
1.00266
2.84578
1.33741
1.64168
1.8598
1.63374
1.3829
1.32372
1.91188
1.11476
2.72092
1.62058
1.11126
1.66637
1.37734
1.61418
1.73003
1.04567
1.35272
2.34423
1.1933
1.45056
1.23041
1.30281
1.3977
1.39806
1.11265
1.57691
1.04599
1.07473
1.00136
1.06204
1.32044
1.46583
1.79064
1.05642
1.95099
1.68516
1.26256
2.35107
3.35136
1.11471
1.2384
2.30489
1.63934
1.02464
1.76052
1.87996
1.69415
1.80356
1.87186
1.10315
1.13439
1.50223
2.19226
1.19004
1.44374
1.5744
1.30069
1.6255
2.14963
1.48922
1.38803
1.28879
1.43077
1.21953
1.24836
1.37949
1.03447
1.13005
1.39137
1.2824
1.20234
1.65568
1.59162
1.0912
2.05445
1.34202
1.67635
1.42566
4.03582
1.69798
1.61376
1.75383
1.07723
1.11442
1.62599
1.34059
1.7025
1.0543
1.38445
1.23807
1.30532
1.46312
1.34887
1.38811
1.33311
1.26293
1.73895
1.00614
1.4562
1.41679
1.62971
1.45693
1.87665
2.598
1.20967
1.12897
1.27547
1.16979
1.47719
2.21437
1.0749
1.05312
1.14787
1.64749
1.44943
1.05391
2.25512
1.78053
1.01165
1.52687
1.73756
1.23455
1.03571
1.04024
1.05505
1.91767
2.2078
1.06552
1.13453
1.09047
1.10309
1.90851
1.20184
1.18658
1.12899
1.46811
1.23846
1.68178
1.11507
1.77509
1.46282
1.06067
1.26765
1.99578
2.28172
1.3134
1.32777
2.2533
1.44224
1.0167
2.21949
1.14266
1.43094
1.09047
1.01723
1.1866
1.75819
1.16258
1.12429
1.11956
1.36198
2.85538
1.30716
1.40744
1.98532
1.38293
1.10195
1.17805
1.18549
1.25318
1.27825
1.80417
1.21492
1.31577
1.49038
1.23719
1.90567
1.4427
1.1741
1.62599
1.37502
1.38227
1.32801
1.34359
1.72484
1.05434
1.20351
1.03925
1.69968
1.15893
2.13861
1.37388
1.8066
2.92999
1.91563
2.00868
1.26211
1.40117
1.14644
1.10915
1.35211
1.45199
1.20721
1.42134
2.09223
1.40678
1.63794
1.81819
3.24275
1.46216
1.82214
2.6437
2.44487
1.07604
1.26077
1.19577
1.04547
1.50152
1.66572
1.94236
1.0655
2.04553
1.51491
1.60861
2.20745
1.4901
1.20464
1.87179
1.22554
1.01741
1.88791
1.21171
1.74324
1.2253
1.98689
1.12392
2.83547
1.75652
1.06065
1.4171
3.11225
1.31845
1.10051
1.33158
1.35919
1.67679
1.60007
1.25754
1.12297
1.5179
1.27383
1.07094
2.15416
1.58757
1.57472
1.86463
1.37715
1.84385
1.34467
1.03477
1.25981
1.34404
1.63684
1.05635
1.07542
1.15305
1.15496
1.65873
1.14433
1.50133
1.34088
1.42583
1.91041
1.25908
1.73682
1.27412
1.21838
2.59257
1.1019
1.04734
1.73699
1.03535
1.90724
1.28741
2.23558
1.63923
1.47132
2.49098
1.25263
2.5405
1.07251
1.33059
1.15729
1.38809
1.08838
1.92109
1.93673
2.55318
1.08402
1.4882
1.32145
1.21109
1.21658
1.26619
1.61026
1.45601
1.3078
1.03949
1.04048
1.00117
2.71633
1.00263
1.0544
1.18887
1.82365
2.63639
1.78036
1.5865
1.36834
1.04535
2.58708
1.71022
1.50937
1.71155
1.64386
1.507
2.97064
2.1684
1.52017
1.59074
1.02649
1.55421
1.02259
1.44369
4.67197
1.40575
1.32048
1.1876
1.06421
1.65657
1.10697
1.06124
1.27389
1.79321
1.68337
1.02822
1.30362
1.36953
1.51718
1.52515
1.22683
1.41126
1.32799
2.0814
1.37779
1.29083
1.25916
1.42482
1.81476
1.38653
1.54184
1.66943
1.36716
1.27828
2.04643
1.27022
1.3099
3.31995
1.00012
1.10257
1.24222
2.34848
1.0363
1.00477
1.02706
1.04636
1.01916
1.32675
1.43465
1.15851
1.25399
1.04809
1.20502
1.36962
1.65889
1.00168
1.31491
1.1762
1.95806
1.6286
1.44471
1.16236
2.20586
1.02307
1.05797
1.24849
1.06644
2.56653
1.79972
1.14987
1.44404
3.01796
2.07794
1.45914
2.17027
3.26341
1.68003
1.0336
1.25673
1.90954
1.13105
1.88787
1.06411
1.02404
1.24233
1.01871
2.57643
1.87494
1.80665
1.49683
1.12188
1.36518
1.45475
1.37225
1.15071
1.36206
1.33784
3.80457
2.13863
1.31123
1.48767
1.68891
1.01774
2.12652
1.98351
1.30572
1.24811
1.15939
1.32378
1.0227
1.95593
1.01803
1.19953
2.34111
1.66441
1.16522
1.14561
1.00255
1.59489
1.02501
1.38029
2.63669
1.05797
2.12443
3.3824
1.03175
2.07239
1.36292
2.18497
1.42352
1.54252
1.39239
1.99937
1.66196
1.3683
2.01309
1.14071
1.0856
1.08741
1.20324
1.13636
2.33028
1.05593
1.60031
1.10488
2.067
2.62616
1.31318
2.05628
1.00258
1.85725
1.12979
2.19681
1.00056
1.40617
1.7066
1.14967
1.1073
1.04392
1.19758
1.41031
1.06156
1.23636
1.00456
1.85374
1.06874
1.16658
1.0093
1.28303
1.91667
1.24891
1.09892
1.7006
1.77749
1.09543
1.7367
2.47155
1.09099
1.73698
1.61648
1.32082
1.02983
1.03882
1.95667
3.31006
1.56359
1.29526
1.52146
1.45119
1.24194
1.03394
1.86162
1.23248
1.85404
1.14552
1.00052
1.08655
1.31606
2.44392
1.0539
1.96279
1.37436
1.87412
1.17718
1.91613
1.74101
1.13072
1.0704
2.01268
2.65163
1.0159
1.65702
2.20134
1.97372
2.6694
1.71375
1.29197
1.18695
1.19338
1.64444
1.68489
1.1118
2.01294
1.6275
1.41363
1.31889
1.39179
1.08673
1.11389
1.0478
1.08342
1.30229
1.37789
1.00901
1.79678
1.17419
2.21428
2.71343
1.10257
1.31004
1.00062
1.45606
1.46736
1.1422
1.40869
1.12779
1.08767
1.52709
1.19721
1.44612
1.28392
3.07869
1.08101
1.31237
1.57043
1.25171
2.83847
1.63987
1.53499
1.70747
2.52508
2.192
1.64419
1.69147
1.07887
1.05423
1.42304
1.00927
1.32923
1.11808
1.21234
1.74762
2.41713
1.03759
1.38204
2.0708
1.04306
1.8701
1.22143
1.19437
2.89637
1.11211
1.59077
1.86142
1.02103
1.55492
2.51361
1.06632
2.13275
1.45166
1.47934
1.47459
1.17751
2.36824
2.47205
1.49082
1.7649
1.47371
1.33121
1.54061
1.4026
1.455
1.76585
1.32783
1.0208
1.08956
1.28867
1.64518
1.44981
1.52533
1.32627
1.47822
1.19951
1.31761
1.68183
2.02721
1.28428
1.02232
1.08817
1.01054
1.52959
1.20197
1.39097
1.3399
1.04252
1.25814
1.12459
1.27099
1.11381
1.91771
1.0957
2.61929
1.26885
1.9362
1.49546
1.66467
1.72991
1.35144
1.39186
1.36077
1.44344
1.01492
1.25169
1.46594
1.45531
1.78741
1.53212
3.42256
1.16694
1.22248
1.24213
1.3135
1.90394
1.13446
1.74806
1.25986
1.46047
1.50057
1.23328
1.35935
1.26639
1.03582
1.28738
1.05123
1.25961
1.44937
1.43305
1.54327
1.05005
1.52795
1.18709
1.25462
1.97592
1.00454
1.44387
1.45654
1.25264
1.13527
1.13373
2.07583
1.29172
1.2009
1.29781
1.55341
1.07877
1.2984
1.44323
2.4839
1.14553
1.22256
1.2385
1.46512
1.2206
1.38126
1.76115
1.61104
1.29563
1.99835
1.40838
1.38816
1.01739
3.15973
1.06561
1.13142
1.02654
1.51083
1.12725
1.09923
1.04636
1.05452
1.43934
1.58271
1.25323
1.32686
1.57913
1.00877
1.19514
2.80777
1.43388
1.14667
1.36879
1.20977
1.37991
1.06719
1.07119
1.07748
2.40521
1.66006
1.0886
1.10434
1.65621
1.0849
1.13365
2.65313
1.14739
1.54181
2.92291
1.23444
1.00884
1.13995
1.88857
1.99979
1.73163
1.06002
1.79362
2.25467
1.45891
2.41405
1.87677
1.54976
1.43041
1.2143
1.08675
1.46438
1.19144
2.0066
3.50559
1.69803
1.04742
1.17032
1.05777
1.52564
1.72449
2.29965
1.28828
2.15822
2.05142
1.19077
2.0159
1.23554
1.17611
1.52359
1.19903
1.49741
1.47059
1.41441
1.23936
1.39759
1.45377
1.39448
1.29387
1.00739
1.44223
1.09223
1.51442
1.71219
1.34702
1.39084
2.51287
1.93921
2.22808
1.84038
1.05766
1.08067
1.37393
1.14123
1.3238
1.25074
1.3986
1.68694
1.6285
1.36827
1.86409
1.28182
2.13513
1.03697
2.54678
1.53166
1.23908
1.1098
1.32618
1.10818
1.09096
1.48032
1.37021
1.55448
2.32682
1.37992
1.43486
1.04695
1.63228
1.25533
2.88019
1.86629
1.36958
1.06575
1.98097
1.80417
1.10203
1.17498
1.7885
1.10242
2.24901
1.27628
1.04553
1.84573
1.23381
1.3738
1.05956
1.00129
1.50804
1.36198
1.45013
1.78932
1.52009
1.09605
1.22375
2.18165
1.73472
1.40668
1.14762
1.17981
1.65831
1.95249
1.55649
1.82913
1.72762
1.08109
1.27578
1.08302
1.13409
2.01727
1.32017
1.38324
1.09828
1.18718
1.13084
1.11545
1.508
1.14845
1.49986
1.03012
1.07644
1.16047
1.45447
1.56326
1.29234
1.29511
1.64461
1.00797
1.20858
1.85382
1.46219
1.20566
2.17971
1.74057
1.15387
1.51823
1.45286
1.2564
1.22861
1.21046
1.48006
1.29207
1.89149
1.55373
1.03625
1.51106
1.15814
1.44924
1.56992
1.13122
1.30519
1.10556
1.02688
1.23779
1.22545
3.69968
1.29561
1.20291
1.43432
1.04648
2.63071
1.50387
1.70292
1.09345
1.26337
1.27469
1.86244
1.00062
1.17895
2.98792
1.32207
1.24106
1.06382
2.82801
1.01011
1.66814
1.7318
1.13963
1.5567
1.04877
1.14856
1.77535
2.00008
1.46887
1.35346
1.08676
1.03259
1.06258
1.12897
1.20903
1.23975
1.21257
1.1366
1.35639
1.8723
1.16405
2.427
2.03311
1.08823
1.77153
1.42735
1.41802
1.248
1.34773
1.25307
1.38797
1.49436
1.5609
1.38016
1.63903
1.07616
1.11912
1.8539
1.19469
1.01158
1.08349
1.12655
2.57705
1.42553
2.34953
1.42803
1.32634
1.18824
1.46617
1.07495
2.14268
1.88402
1.19102
2.52665
1.87206
1.54877
1.06492
1.32527
1.35272
1.13234
1.04167
1.74967
1.06507
1.45106
2.37796
2.04416
1.16269
1.95341
1.00017
1.00892
1.46135
1.22691
1.24426
1.41556
1.10646
1.11897
1.33141
1.70173
1.48313
1.17645
1.28136
1.09357
1.03878
1.76323
1.15421
1.09787
1.58821
1.48123
1.50146
1.12997
1.1324
1.12475
1.09543
1.53316
1.94199
1.64425
1.78533
1.25943
1.53077
1.21866
1.37275
1.32854
1.09733
1.24476
2.65966
1.1429
1.07182
1.27114
1.78113
1.43631
1.57124
1.10517
1.48241
1.19541
1.8988
1.49618
1.11086
1.0334
1.02178
1.23214
1.15452
1.51936
1.34591
1.15464
1.08081
1.06802
1.99998
1.13951
1.52736
1.83217
1.47606
1.98151
1.24911
2.56431
1.07144
1.05388
1.53749
2.43087
1.82744
1.03975
1.16381
2.33191
1.14588
1.75973
1.87186
1.34205
1.24416
1.29903
1.12872
2.10088
1.29948
2.07049
1.05585
3.22303
1.29284
1.02451
1.01938
1.68562
1.53799
1.81007
1.05567
1.01811
1.35523
1.24518
1.3099
3.38907
2.76594
2.42638
1.76587
1.21913
1.26563
1.39883
1.88755
1.03559
1.27608
1.04312
1.36145
2.14583
1.76274
1.12928
2.86466
1.55033
1.00524
1.14746
1.15103
1.03588
2.60727
1.32529
2.13079
1.19446
1.0669
1.32155
1.06049
1.33278
2.26473
1.36779
1.47921
1.08518
1.02236
1.05872
1.45631
1.04992
1.2358
1.39936
1.24605
1.08937
1.15996
2.31775
1.56348
1.34264
1.0064
3.44082
1.55654
1.19057
2.05709
1.14949
1.39265
1.5054
1.12491
2.91747
1.68954
1.40801
1.09959
1.02768
1.19288
1.69956
1.1569
1.38778
1.65088
1.05711
1.57806
1.04818
2.67806
1.3351
1.08166
1.20957
1.26672
1.70979
1.68016
1.4733
1.05599
1.08218
1.04922
1.4304
2.04835
1.2844
1.08768
1.40827
1.835
1.67684
2.06621
1.1628
1.10781
2.05937
1.53583
1.18621
1.67807
1.84402
1.47723
1.58219
1.23521
1.38685
1.37134
1.94209
1.91618
1.89392
1.00555
1.69224
1.71081
1.56719
1.70584
1.92249
1.31774
1.34863
1.0666
1.24337
1.51552
1.75797
1.12244
1.07415
1.5439
1.00094
1.09823
1.01475
1.09129
1.10003
1.24524
1.25736
2.03678
1.35679
1.6426
1.05498
1.12773
1.60692
1.02712
1.33335
1.45736
1.46083
1.0116
1.19438
1.50598
1.08067
1.5944
1.68506
3.00784
1.11776
1.87186
1.36729
1.23377
1.06527
1.66497
1.1345
1.23215
1.03229
1.80815
1.72748
1.66141
1.17794
1.09527
1.50744
1.34275
1.09816
1.57904
3.36234
1.68762
1.67351
2.501
1.11341
1.41684
2.94726
1.09034
1.60241
1.44072
1.44152
1.59812
2.3269
1.76297
1.02889
1.95774
1.1278
1.23654
1.3097
1.32784
1.28562
2.38512
1.61212
1.49871
1.02556
2.17125
2.2006
1.75755
1.00353
1.02949
1.12759
1.07041
1.25444
2.27953
1.31939
1.00675
1.16616
1.02281
1.01848
1.16129
1.16121
1.77353
2.84114
1.23198
1.28008
1.93149
1.15608
1.08503
1.95897
1.02381
1.4834
1.41276
1.21226
1.18931
1.73889
1.04519
1.13511
1.65922
1.39739
1.06848
2.06911
1.24998
1.87975
1.77491
1.48965
1.34108
2.94491
1.07831
1.64578
1.1061
1.20644
1.18459
2.46907
2.71105
1.10107
1.01114
1.6365
1.27063
1.04652
1.57562
1.39384
2.9691
1.129
1.25874
1.39104
1.78439
1.39797
1.47454
1.12819
1.93839
1.27986
1.07597
1.5456
1.12173
1.05133
1.9902
1.30824
1.69172
1.17166
1.77316
1.05936
1.22001
2.90976
1.78991
1.34384
1.20759
2.02839
1.39356
1.71029
1.70143
1.00905
1.06748
1.53886
1.08814
1.14752
2.46533
1.4107
1.69461
1.4082
1.40205
1.04944
1.21054
1.16594
1.24775
1.8006
1.23255
1.30046
1.25324
1.04903
1.29087
1.10884
1.10334
1.04938
1.22055
1.70834
1.16179
1.18724
1.51455
1.10898
2.13631
1.36718
1.29674
1.40802
1.09078
1.47528
1.22557
2.13742
1.09248
1.35367
1.45579
1.01698
1.22604
1.65957
1.85845
1.18783
1.80121
2.71721
1.97201
1.06258
1.67302
1.19259
3.22906
1.33214
1.0653
1.64583
1.19505
3.91777
2.9506
1.53375
1.06953
1.58055
1.04882
1.0149
1.86569
1.1177
1.23823
2.8145
1.20537
1.17584
2.25179
1.05869
1.71269
3.21416
2.15781
1.5273
1.18848
1.14673
1.85533
2.05939
1.37268
1.14008
1.05992
1.04561
1.63484
1.27247
2.17884
1.67291
1.10614
1.47567
1.28591
1.43049
1.66984
1.82045
1.92811
1.1465
1.0158
1.67218
1.05622
1.18911
1.00191
1.57233
1.09144
1.53251
3.39832
1.03772
1.04011
1.20805
2.0064
1.12137
1.22344
1.03548
1.72018
1.26238
1.712
2.16967
1.13248
1.82356
1.03046
2.14556
1.52601
2.03664
1.00009
1.09261
1.24695
1.23862
1.12856
1.24032
1.06897
1.26616
1.81064
1.32607
1.00908
1.27361
1.01378
2.69429
1.06817
1.61497
2.80183
1.87446
1.60085
1.91461
3.00313
1.48556
1.40956
1.49475
1.38037
1.50405
1.29878
1.12323
1.06406
1.03539
1.1528
1.02361
1.41871
1.16692
1.87016
1.03857
1.12832
1.65512
1.45666
1.03333
2.04876
2.04885
1.20054
1.20807
3.25622
1.49199
1.37891
1.91055
1.16794
1.28034
1.15583
1.77833
1.42589
1.53768
1.14538
1.12438
1.33508
1.66888
1.37247
1.0166
2.01457
1.03344
2.55979
1.01273
1.59282
1.04289
2.20775
1.31221
1.07397
1.20838
1.09006
1.09352
2.4793
1.29462
1.77748
1.51028
1.56416
1.07061
1.13341
1.77265
2.76621
1.15236
1.15843
1.32018
3.06262
1.15664
1.26126
2.11041
1.00146
1.02029
1.46326
2.18963
1.13647
1.3171
1.29934
1.32025
1.48712
1.3172
1.29662
1.3215
1.44686
1.38502
1.96254
1.02538
1.89583
1.92871
1.16767
1.31074
1.28861
1.12328
1.25275
1.0227
1.16274
1.84827
1.16743
1.85244
1.37922
2.05956
1.42757
1.01506
1.56261
1.02295
1.29946
2.32555
1.09028
1.24704
1.65441
2.06963
1.55576
1.14932
1.56136
1.17601
1.63369
2.53992
1.63898
1.99345
1.00105
1.63217
1.88477
1.0207
2.02629
1.14832
1.54725
1.80561
1.54334
1.04841
1.45357
1.39879
2.1529
1.25896
1.19363
1.69285
1.26609
1.51937
1.51987
2.0948
1.45651
1.34873
1.07476
1.0615
1.08381
1.09428
1.50789
1.67543
1.3775
1.8831
3.37011
1.85743
1.59353
1.38017
1.29788
1.04408
1.25489
2.20472
1.82519
1.12171
1.31425
1.84838
1.03488
1.24502
1.95474
1.25867
1.0404
1.39103
1.98932
1.44615
1.12827
1.24245
1.29903
1.43288
1.71221
1.05205
2.10206
1.00619
1.23106
1.0139
1.24959
1.37308
1.35839
1.09054
1.51886
1.02291
1.71755
2.46539
1.20758
1.36412
1.23814
1.00337
1.24378
1.78444
1.45316
1.05338
1.93911
1.37867
1.92171
1.43401
1.41014
1.05561
1.09158
2.78823
1.1297
2.89606
1.37955
1.07297
1.05229
1.11714
2.2994
1.26735
1.25162
1.18786
1.07953
1.33457
1.06966
1.90236
1.23133
1.23484
1.32123
1.29361
3.63515
1.39415
1.04617
1.46682
1.08219
1.01571
2.7658
1.74259
2.95874
1.32493
1.37992
1.09216
1.14178
1.91178
1.22017
1.8767
1.61724
1.0975
1.35408
1.56565
1.13396
1.88801
1.39354
1.09031
1.43732
5.07942
1.08157
1.84847
1.11616
1.76252
1.66322
1.17869
1.19713
1.78636
1.30943
1.65618
1.08008
1.95716
1.62046
2.18727
1.071
1.44949
1.45705
1.21806
1.30668
1.01936
1.68494
1.3985
1.02974
1.5709
1.31441
1.01753
2.74678
2.48907
1.35965
1.04918
1.70248
1.33857
1.18009
1.33806
1.36954
1.41358
1.291
1.46539
2.25502
1.22492
1.6468
2.1243
1.30438
1.293
1.4608
1.44752
1.82147
1.32359
3.77634
1.03066
1.00159
1.5111
1.17722
1.13747
1.18691
1.14789
1.01564
2.77951
1.12471
1.66219
1.719
2.32435
1.01551
2.02805
1.37457
1.50058
1.51707
1.85684
1.20279
1.66035
1.376
1.78847
3.33066
1.11198
3.6152
1.04705
1.00116
1.02258
1.20911
1.50107
1.03576
1.00284
2.38303
1.86278
1.82822
2.07891
1.60204
1.05513
1.25466
1.64214
1.16448
1.58143
1.0124
1.18274
1.39829
1.49996
1.43024
1.59826
1.00305
1.0532
2.01607
1.57246
1.05992
1.92282
1.13869
1.32529
1.07844
1.61913
1.54959
1.11857
1.99535
1.2565
1.17302
1.08263
1.15474
1.01114
1.43764
1.92331
1.39812
1.12377
1.01712
1.1208
1.26903
1.71275
1.10403
1.63611
2.00845
1.30252
1.86139
1.40446
1.5068
1.37357
1.31104
1.13371
1.18062
1.17122
1.41424
1.06389
2.2432
1.63765
1.25662
1.08636
2.0685
1.86801
1.63957
1.15842
1.25746
1.05421
1.10477
1.76397
1.6277
1.45007
2.13037
1.43765
1.31459
1.20804
2.41046
1.04317
2.33601
1.87641
1.06959
1.41619
2.00701
1.42409
2.18865
2.43221
1.27442
1.23686
2.37695
1.56218
1.06166
1.02161
1.41578
2.33085
1.92975
1.56327
1.0749
1.14667
2.04177
1.10094
1.16317
1.0694
1.56367
2.44104
1.15665
1.32257
1.50303
4.76779
1.05536
1.34515
1.24316
2.00429
1.3231
1.05882
1.50314
1.73654
1.00144
1.97934
1.10291
1.40156
1.26875
1.63587
1.23194
2.0192
1.65559
1.52165
1.79541
1.70126
1.0183
1.25104
2.33543
1.06718
1.66798
2.83634
1.02681
1.57316
1.3157
1.43277
1.0446
1.02198
1.54961
1.86668
1.76167
1.39242
1.05261
1.58245
1.13846
2.20995
1.9109
1.61787
2.48646
1.01596
1.66628
1.20042
2.18258
1.15508
1.64523
2.05042
1.02127
1.25346
1.71839
1.30341
1.15548
1.12411
1.0705
1.97291
1.42825
1.03973
1.2411
1.22922
1.10029
1.28591
1.20181
1.20913
1.67167
1.12633
1.51342
1.42274
1.41977
1.54385
1.39746
2.05704
1.56286
1.39589
1.88528
1.46589
1.17205
1.11603
1.08263
2.14858
1.61917
2.38532
1.46228
1.32066
1.03079
1.55683
1.43639
3.31314
1.13667
1.3783
1.52628
1.51724
1.41196
1.75013
1.11469
1.64663
1.48344
2.13204
1.93929
1.18928
1.16165
2.99915
1.37461
2.18447
1.08949
1.51476
1.83
2.47247
1.20575
1.64546
1.38698
1.03127
1.58559
1.58575
2.33398
1.34389
1.13085
1.02279
1.26862
1.17971
1.71583
1.21869
2.48866
2.63918
1.48499
2.32015
1.71534
1.39578
1.09941
1.3068
1.41148
1.99741
1.32825
2.1398
1.56096
1.07367
3.6473
1.37458
1.24867
1.5381
1.05765
1.50604
1.34481
1.26101
2.52902
1.36964
1.12367
1.30713
2.25905
1.09685
1.12037
1.00656
1.00715
1.88419
1.65861
1.21928
1.59918
1.25143
2.52771
2.70642
1.24944
1.96283
1.7416
1.18553
1.13201
1.30646
1.76014
2.61154
1.72107
1.96623
1.46199
1.90214
1.76721
1.23659
1.40147
1.81675
1.02358
1.82534
1.09794
1.36148
1.82585
1.14639
1.14105
1.25772
2.1252
1.00022
2.15826
1.0835
3.30692
2.54885
1.34128
1.35946
1.32846
1.50454
1.04755
1.01658
1.02972
1.29382
1.16117
1.48648
3.44259
1.24414
1.42647
1.26859
1.93955
2.1626
2.04923
2.83204
1.01395
1.91572
1.6967
1.12984
2.56543
1.08019
1.56901
1.12738
1.28227
1.63498
1.41428
1.27887
1.19751
1.91523
1.07763
1.28115
2.17044
1.93491
1.2562
1.72008
1.86626
2.09861
1.39319
1.11437
1.14739
1.17527
1.45046
1.01668
1.50536
1.22656
1.17495
2.05804
1.3081
1.04994
1.8765
1.02441
1.64868
1.7434
1.2174
1.87088
1.36248
1.31115
1.02323
1.17127
2.3369
1.24865
1.3956
1.37967
1.44633
1.03165
1.22485
1.6421
1.11192
1.11381
1.00507
1.28767
2.07166
1.02665
1.10605
1.18559
1.65787
1.51171
1.26888
1.71162
1.47033
2.13188
1.85195
1.14572
1.15834
1.06697
1.20546
4.84642
1.26023
1.12454
1.71876
1.39096
1.08103
1.23957
1.26762
1.70087
1.01044
1.15668
1.36449
1.15657
1.49501
1.32876
1.22448
2.49001
1.50005
1.0696
1.41059
1.75873
1.61634
1.09442
2.79533
1.29784
1.0866
1.09934
1.0517
1.81359
1.06507
1.06684
1.95013
1.21126
1.01567
1.02665
1.07667
1.12001
1.54703
1.08559
1.06328
1.72349
1.55593
1.28575
1.39849
1.18697
1.32937
1.35329
1.24489
2.18528
1.0081
1.76202
1.06641
1.79862
1.47844
1.92664
1.0513
1.40933
1.34766
1.61242
1.3821
1.38906
1.28071
1.18469
1.32915
1.06306
2.62872
1.6266
2.52317
1.12856
2.05739
1.82719
1.56529
1.49045
1.1903
1.84753
1.34809
1.03676
1.18761
2.36897
1.95083
3.00608
1.49442
1.14218
1.08886
1.10346
1.01
1.24771
1.10624
1.26522
2.36664
1.28153
2.0518
1.46507
1.14193
1.21992
1.04383
1.20283
1.56589
1.03742
1.11496
1.24018
3.01007
1.76824
1.66117
1.06176
1.75933
1.76918
1.45953
3.32101
1.19671
2.41742
2.23097
1.00577
1.29902
2.8884
1.05442
1.3968
2.93061
1.4054
1.10525
1.43636
1.11435
1.36668
1.03846
1.46505
1.36365
1.67385
1.49807
1.39882
1.58523
1.07771
1.45238
1.09444
2.29863
1.03539
1.28139
1.59503
1.30627
1.04831
1.40302
1.5131
1.60835
1.23361
1.41467
1.29954
1.55746
1.438
1.37302
1.14352
1.00101
1.09563
1.06225
1.29809
1.47371
1.11982
2.39891
1.00335
1.73987
1.49069
1.23385
1.0259
1.49374
1.24357
2.37653
1.39043
2.40381
1.12454
1.64681
1.48019
1.6724
1.12082
1.5468
1.34462
1.679
1.19804
2.1039
1.04403
1.82302
1.98779
1.84982
1.35946
1.28847
3.79464
1.13014
1.39579
1.55536
1.60343
1.11409
1.53065
1.85289
1.02566
2.2125
1.01497
1.22001
1.00797
1.04014
2.21051
1.21914
1.27649
1.12126
1.45453
1.45169
1.23277
1.20251
2.08126
1.24167
1.34012
1.16655
1.77269
1.25329
1.36037
1.14608
3.19744
1.1723
1.73645
1.27887
1.11547
1.80402
1.20294
2.00196
2.23407
1.98243
1.01782
1.77411
1.26495
2.03464
1.50799
1.89681
1.34601
1.38289
1.07797
1.76621
1.27184
1.34665
1.76879
1.4567
1.11226
1.44608
1.26181
1.31699
1.01436
1.11788
1.16497
1.62407
1.00578
1.26278
2.28869
1.05932
1.36327
1.77211
2.42826
1.68674
1.63749
1.87575
1.29548
1.81955
1.004
2.29222
1.29287
1.40302
1.14711
1.67843
1.03987
2.03035
1.88047
1.12171
1.82859
1.77173
1.50013
1.23382
1.15838
1.13184
1.19181
2.16941
1.04041
1.88267
1.21454
1.36865
1.79112
2.07871
1.21139
1.3098
1.26766
1.00667
1.17545
1.30734
1.26474
1.63994
1.24291
1.33606
1.28072
1.67474
1.99379
1.37952
1.77897
1.17605
1.38976
1.21174
1.26739
1.65916
2.06711
1.06477
1.50344
1.43631
1.06302
1.11906
1.18626
1.09132
1.13968
1.15571
1.20449
1.69193
1.42421
3.14324
1.26785
1.70094
2.02579
1.56812
1.2654
1.70039
1.11387
1.19842
1.39558
1.42831
1.0112
2.45125
1.5964
1.3423
2.35248
1.2891
2.96702
1.35901
1.06068
1.72366
1.568
1.74137
2.5125
1.74915
1.47252
1.97354
1.55927
1.26222
2.08411
1.12545
1.627
2.06669
1.65711
1.59747
1.69845
1.3128
2.03641
1.11372
1.06813
1.16809
1.37919
1.35725
1.85907
1.25923
1.33116
1.00673
1.2636
1.52174
1.00781
1.16486
1.11657
1.02145
1.32625
1.10028
1.6795
1.9417
1.39437
3.00063
1.29935
1.36012
3.26493
1.13169
2.42838
1.02189
1.29564
1.03629
1.65325
1.46877
1.61317
1.23459
1.23061
1.02319
1.21535
2.32457
1.23839
1.89002
1.92361
1.2336
1.49982
1.05012
1.05473
1.02494
1.43496
1.27762
1.39707
1.3681
1.21555
1.56578
1.71045
1.00737
1.11612
1.62455
1.24439
1.54307
1.21306
1.24777
1.08639
1.14936
1.46496
1.28384
1.74428
1.95725
1.39006
1.70996
1.18329
1.26805
1.62375
1.24405
1.44398
1.10251
1.45786
1.98849
2.01491
1.6443
1.68473
1.40814
1.43934
1.07173
1.29337
1.29962
2.591
1.28201
1.39852
1.38098
1.50635
1.68963
1.12747
1.37616
1.87411
1.31099
1.16318
1.53168
1.86798
1.03261
1.74982
1.862
1.30951
3.04634
1.77255
1.74286
1.68884
1.08162
1.12246
1.3118
1.15327
1.26828
2.0967
1.86957
1.49718
1.97639
1.76571
1.28017
1.11224
1.36098
1.66634
1.28672
1.54946
1.04954
1.68917
1.83756
1.61351
2.70963
1.87623
2.16701
2.35581
1.8081
1.56083
1.00287
1.31352
1.42334
1.18122
1.19144
2.62414
2.11148
1.94583
1.26045
1.0069
1.04181
1.18713
1.00793
1.00865
2.24207
1.61236
1.18478
1.07115
1.35835
1.00268
2.39366
1.26791
1.25736
1.24763
1.03592
1.5085
1.66026
1.5637
1.0745
1.43237
1.42139
2.01404
1.23831
1.2322
1.48186
1.5013
1.31677
1.29265
1.34076
1.9868
1.30917
2.40614
1.35059
2.48994
1.89438
1.22505
1.99623
1.0583
2.29545
1.49935
1.02796
1.51677
2.82961
1.03618
1.40449
1.68876
1.83105
1.26707
1.11418
1.02163
1.43342
1.30157
2.48547
1.03126
1.57822
1.01264
1.09403
1.30218
1.30337
1.5787
2.20516
1.50948
2.53453
2.06691
1.43914
1.89726
1.51442
1.04091
1.67462
1.04986
1.4508
1.60641
1.03442
1.1312
2.23652
1.47897
1.14137
1.58669
1.45413
1.34815
2.86876
1.57514
1.23535
1.8049
2.0796
1.06689
1.11192
1.12182
1.58755
1.46196
1.48247
2.41319
1.74786
1.06845
1.21348
1.28581
1.25206
1.55328
2.11232
1.18268
1.40134
1.77892
1.26911
1.09203
1.32213
1.0284
2.42697
1.03888
1.28853
1.37738
3.11008
1.09077
1.06076
1.00437
1.08455
1.11614
1.49791
1.12404
1.01037
1.87613
1.22753
1.21824
1.18011
2.85196
1.09323
2.14256
1.74985
1.03978
3.16109
1.15829
1.05189
1.88397
1.61324
1.48015
1.08479
1.32552
1.75833
1.18093
1.18676
1.00157
1.09573
2.04135
1.29147
3.07497
1.25185
1.62796
1.16559
1.22613
1.10581
1.21314
1.39619
3.40016
1.54562
1.1111
1.023
1.06754
1.4134
1.72443
2.41021
1.00797
1.36987
1.31826
1.53364
1.41001
1.58084
1.53659
1.06222
1.80401
1.06576
1.59954
1.26905
1.36062
2.16806
2.10311
1.85148
1.35683
1.66636
1.35964
2.0186
1.25773
2.75722
2.3465
1.67663
1.16385
1.07058
1.96449
1.09034
1.96297
1.33742
1.26091
2.16751
1.46298
1.42974
1.40909
1.23195
1.77006
1.14571
2.39758
2.12209
1.20585
1.65367
1.42575
1.20598
3.23365
1.01278
1.14561
1.36706
1.36902
1.4445
1.69651
1.48839
1.4585
1.0275
1.23623
1.13202
1.15419
1.4041
1.11126
1.17403
1.1353
2.48312
2.44718
1.47073
2.29196
1.77045
1.44574
1.00323
1.74034
1.60615
1.47759
1.71444
1.35967
1.60884
2.36801
1.23565
1.61571
1.32283
1.56104
1.71962
1.02326
1.52008
1.12857
1.55438
1.31587
1.74262
1.06585
1.49218
1.16319
1.9586
2.31821
3.81317
1.79484
1.70067
1.12135
1.20474
1.31338
1.74224
2.23235
1.10483
2.27788
1.59475
1.47179
1.11147
1.02856
1.4202
1.52708
1.11836
1.40648
1.97069
1.9011
2.31109
1.22776
1.1914
1.692
1.28204
1.04581
1.1662
1.27114
1.17302
1.20189
1.17391
1.02119
1.50681
1.45477
1.52977
1.10679
1.17524
1.48329
1.45768
1.35294
1.21571
2.22053
1.20758
1.30405
1.56678
1.39156
1.213
1.28604
1.79111
1.16295
1.07672
1.18783
1.94701
1.0466
3.39551
1.38936
3.09474
2.39841
1.30148
1.11063
1.09009
1.13721
1.61917
1.15938
1.20884
1.29781
2.22226
1.10499
1.00252
1.03099
2.17571
1.52138
1.15944
1.09752
1.17426
1.06097
2.41965
1.76672
1.31031
2.0011
1.14348
1.63137
1.96943
1.22063
1.7083
1.17483
1.17752
1.05662
1.28996
1.65413
2.40855
1.46291
1.99438
1.86438
1.09518
1.33259
1.06217
1.57309
2.49686
1.07372
1.66191
1.50016
1.43806
1.24725
1.21935
1.02315
1.12289
1.00765
1.43544
1.05594
2.03186
1.37027
1.60147
1.26454
1.41115
2.42937
1.04318
1.14647
1.75704
1.05198
1.03934
1.22435
1.04835
1.43983
1.12827
2.13023
1.76508
1.6015
1.47979
1.99559
1.1262
2.03221
1.77912
1.68948
1.41192
1.14134
1.27543
1.7889
1.01615
1.76175
1.13726
1.07792
1.06148
1.01381
1.37073
1.12312
3.27495
1.42717
1.07418
1.5836
2.14014
1.6836
1.03976
2.13113
1.78977
1.08617
1.02659
1.40744
1.08482
1.89967
1.22184
2.22031
1.417
1.10086
1.07518
1.42957
1.7175
1.7605
1.16131
1.11423
1.00845
1.56847
1.03983
1.27302
1.46025
2.38318
1.18684
1.14369
1.53089
1.48279
1.20182
2.31625
1.93172
1.12679
1.13665
1.35903
1.74266
1.02252
1.591
1.5224
1.13164
1.57184
2.40823
1.02396
1.19258
1.28828
2.14761
2.63854
1.2936
1.6932
1.37928
1.38586
1.16293
1.12228
1.16984
1.40633
1.01479
2.18892
1.08497
1.12429
1.36519
1.61914
1.05031
1.19114
2.73166
1.15214
1.18775
1.90547
1.02576
1.31238
1.23871
1.19033
1.16823
1.04791
1.18904
1.022
1.75926
1.25394
1.29341
2.12025
1.53655
1.00405
2.43389
1.13534
1.05693
1.73079
1.34705
1.28438
1.14351
1.39645
1.16037
2.15927
1.12117
2.07862
1.40982
1.88155
1.62387
1.59651
1.19604
1.13322
1.11842
1.97313
1.85859
1.29042
1.07101
1.24084
1.48293
1.30294
1.75749
4.02092
1.10606
1.30777
1.28192
1.18156
1.11038
1.03397
2.09071
1.27223
1.34348
2.24411
1.7487
1.06992
1.41669
1.29192
1.79779
1.6441
1.58625
1.20817
1.81728
1.02691
1.08695
1.20445
1.03996
1.13394
1.88642
2.48068
1.18164
1.15361
1.16418
1.16267
1.0183
2.30808
1.12021
1.27237
1.00487
1.97581
1.65681
2.46644
1.76075
1.18822
1.14243
1.59819
1.22637
1.4176
1.00314
1.03194
1.38325
1.41744
1.69606
1.07076
1.35993
1.10811
1.04891
1.26424
1.08917
1.12537
1.19104
1.15014
1.04583
1.04711
1.10737
1.02594
1.49236
1.16937
1.16408
1.20173
1.54353
2.02255
1.71166
1.65011
1.3312
1.59177
1.40233
1.12183
1.11697
1.17577
2.20845
1.39639
1.66195
1.21275
1.26188
1.06709
1.09395
1.87826
1.43954
1.20589
1.8119
1.14153
2.86553
1.21142
1.20572
1.18692
1.06512
1.05891
1.52221
2.04019
1.78156
1.07606
1.39437
1.0558
1.02318
1.53412
1.38302
1.04279
1.01778
3.29055
1.01524
1.29397
1.35121
1.06237
1.0926
1.21678
1.71706
1.35371
1.50792
3.10571
1.73052
1.2849
1.29569
1.48218
1.54736
1.34729
1.51762
1.01191
1.28073
1.16352
1.06916
1.05243
1.46215
1.37075
1.14624
1.31834
1.33887
1.10846
1.52791
1.75916
1.78382
1.46124
1.35835
1.03147
1.16972
1.04896
2.65967
1.07256
1.0823
2.10172
2.44056
1.72585
1.00271
1.00067
1.23749
1.07739
1.00928
1.31187
2.4329
1.19565
1.54109
1.52811
1.14456
1.52552
1.11934
1.06506
1.6043
1.0602
3.88967
1.10134
1.45088
1.26498
1.06756
1.01412
1.4874
1.8219
1.92263
1.32958
1.75131
1.55866
1.64414
1.33923
1.50176
1.81873
1.25365
1.81989
1.44826
1.0907
1.0125
1.2253
1.3956
1.91573
1.06819
1.80524
1.99392
1.08166
1.9539
3.38112
1.64885
1.76802
3.59386
1.46504
1.184
1.90863
1.47659
1.43518
1.14627
1.70598
1.0426
2.2904
1.19713
1.06835
1.29203
1.0217
1.577
2.16501
1.90781
1.06812
1.06749
1.83949
2.29019
1.30871
1.34555
1.19155
2.12341
1.51768
1.17002
1.17747
2.10912
1.00686
1.19484
1.40412
1.08021
1.04831
1.84445
2.12407
1.86752
2.14527
1.40272
1.83634
1.24229
1.54871
3.24751
1.12792
1.24707
1.32701
1.07426
1.04226
1.88516
2.88168
1.25937
1.04587
1.03404
2.10967
1.31164
1.19285
1.32357
1.19159
1.33573
1.98147
1.44861
1.59315
1.22681
1.67067
1.54923
1.06367
1.42507
1.14836
1.81506
1.27751
3.61853
1.04853
1.75786
1.55997
1.72943
1.18375
1.33869
1.79607
1.13234
1.12811
1.40042
1.37071
1.16583
1.17696
1.16276
1.73814
1.52763
1.89314
2.85399
1.32138
1.03451
1.02464
1.17525
2.34814
1.37034
1.15858
1.25472
1.45639
1.52914
1.08357
2.88682
1.39348
1.07291
2.12044
1.03879
2.19155
3.83696
1.60271
1.73581
1.20572
2.42002
1.37721
1.65911
2.28922
2.84805
1.89549
1.1805
2.69881
1.49459
2.33424
1.56367
1.18354
1.23104
1.39978
1.78036
1.19135
1.43343
1.21204
1.84578
1.31436
1.03991
1.09079
1.03153
1.34588
1.05621
1.0606
2.41552
2.03043
1.30082
3.12744
1.00009
1.47593
1.47911
1.30573
1.25288
1.30384
1.26804
1.65558
1.07272
1.1101
1.09954
1.15222
1.37249
1.05895
2.01312
1.17646
1.08869
1.56292
1.01942
1.48375
1.59899
1.12098
1.02143
1.226
1.0519
1.06192
1.14669
1.17511
1.37748
1.56721
1.44919
1.0803
1.09442
2.05503
1.40862
2.01987
1.23225
1.47648
1.37082
1.19219
1.31736
1.34907
1.11205
1.18918
1.78369
2.23721
1.22298
1.18334
1.10858
1.56737
1.19512
3.2011
1.19703
1.25055
1.46233
1.80895
1.31699
1.27466
3.71739
1.00527
2.12721
1.08075
1.77072
1.48108
1.20916
2.03524
1.0065
1.12854
1.41839
1.21658
1.47129
1.0122
1.06191
1.06796
1.10492
1.30747
1.69742
2.17978
1.90204
1.10963
1.29094
1.1112
1.15358
1.35013
1.03527
1.12306
2.3696
1.31379
1.29474
1.00734
1.14211
2.00605
1.08994
1.26818
1.00722
1.32537
1.01062
1.85632
1.87107
1.77498
1.16659
1.90773
1.39153
1.23405
1.49085
1.00621
1.07714
1.67797
1.13996
1.45566
1.24315
1.96484
2.52262
2.07521
1.15778
1.10794
1.32164
1.00368
1.01307
1.40292
1.36745
3.60901
1.11272
1.14927
1.06026
2.24774
1.75211
1.86394
2.16531
1.37211
1.3
1.20053
1.44484
1.30282
1.30034
2.38174
3.06857
1.79601
1.70685
1.57059
1.09081
1.03046
1.58676
1.65242
1.02406
2.3159
1.04778
1.16837
1.55797
1.09309
1.02851
1.2011
1.72616
1.26694
1.52918
1.4333
1.01123
3.23445
1.02116
2.71794
1.3991
2.65057
1.06094
1.33707
1.09287
1.02616
1.48055
1.11646
1.443
1.0596
1.20172
1.76079
1.28728
1.49409
1.52129
1.92817
1.19646
1.58125
2.63005
1.65512
1.33655
1.4981
1.67293
1.47373
1.00841
1.10832
1.8316
1.15917
1.65757
1.2327
1.36895
1.0352
1.09997
2.57557
2.10427
1.52817
1.30776
1.56314
1.48197
1.4203
1.0305
1.50093
1.7325
3.56485
1.00557
1.65499
1.42407
1.28463
1.06824
1.26304
1.21877
1.18036
1.6563
1.6032
1.44461
2.3957
1.21528
1.13973
1.53342
1.11083
1.18918
1.12719
1.03583
1.87868
1.14688
1.3203
1.02214
1.60089
1.20066
1.68273
1.26586
1.10893
1.35993
1.06992
1.29039
1.19085
2.21498
1.03143
1.59211
1.10091
1.19213
1.26851
2.19307
1.13892
1.04787
1.19187
1.05528
1.06883
1.42648
1.03142
1.01571
1.62661
1.22443
1.06698
1.14626
1.51373
1.16116
1.34112
1.06488
1.44348
1.18996
1.49305
1.82616
1.47292
1.17531
1.14768
1.19832
1.08993
1.09994
1.78197
1.24285
1.28635
1.45076
1.44538
1.03488
1.89053
1.0976
1.642
1.74068
1.62746
1.43253
1.00736
1.22344
1.46423
1.24506
1.99564
1.18466
1.17374
1.15462
1.20232
1.40755
1.61382
1.5432
1.8244
2.0854
1.84662
1.00956
1.66575
1.11685
1.07132
1.50873
1.19264
1.02941
1.07404
1.00046
2.16768
1.01246
1.11752
1.26915
1.22047
2.21365
1.02056
1.35894
1.57047
2.34191
1.48428
1.8142
1.04372
1.24383
1.23416
2.08704
1.08207
1.08237
1.19916
1.028
1.10073
2.67921
1.27947
1.49986
1.64752
1.22861
1.07963
1.1157
1.1879
1.50539
1.25398
1.00342
1.37055
2.27241
1.83586
1.87209
1.79251
1.19558
1.7245
1.07725
1.53606
1.51301
1.01295
1.77551
2.1678
1.15559
1.8367
1.043
1.45811
1.33242
1.39474
2.30323
2.02519
1.76875
1.1599
2.21418
1.0513
1.95978
1.19887
1.02764
1.55336
1.13151
1.13957
1.18268
1.0329
1.09748
1.00258
1.29476
1.04401
1.57388
1.13435
2.43741
2.02495
1.17085
1.76443
1.8129
3.15488
1.45545
1.04276
1.52041
1.49039
1.50854
1.18347
1.98191
2.60288
1.12277
1.04614
1.10817
1.85894
1.5645
1.50537
1.25691
1.43117
1.18399
1.32428
1.78767
2.98806
2.34773
2.35804
1.25727
1.3163
1.61147
2.27676
1.07657
1.18138
1.07497
1.47339
1.18286
1.19734
1.03678
1.21523
1.99205
1.13268
1.59403
1.49662
1.99566
1.07095
2.89912
1.43689
3.69898
2.21246
1.1252
1.0289
1.14761
1.37493
1.09413
1.09164
1.3105
1.01692
1.06499
1.26881
1.03261
1.25272
1.32123
1.30007
2.01695
1.37758
1.31554
1.26442
1.85084
2.12717
1.95949
1.55973
1.07388
1.16208
1.02358
2.33555
1.54058
1.68593
1.18667
1.93428
1.15028
1.00082
1.23614
1.42287
1.32572
1.99053
1.05569
1.40352
1.35972
1.16522
1.86363
1.69888
1.65999
2.04451
1.64148
1.13188
1.61134
1.18387
1.13865
1.0379
1.68134
1.62067
1.13361
1.69191
2.24955
1.05716
1.1324
1.69367
1.16045
1.48997
1.04232
1.30092
1.67179
1.58
1.84389
2.04963
1.74181
1.55674
1.01612
1.38282
1.01921
1.82531
1.19336
1.41326
1.16387
1.76278
2.08799
1.25428
1.9936
1.15536
1.38249
1.97865
1.19717
2.54002
1.06499
1.00922
2.17241
1.03556
3.40728
2.51203
1.07368
1.38565
1.10223
1.27944
1.0317
1.12675
1.22571
1.2887
2.89704
1.82478
1.66858
1.38506
1.91628
1.20724
1.61704
3.54031
1.1889
1.56046
1.92996
2.23733
1.6328
1.16676
1.19747
1.01049
1.71541
1.02184
1.99995
1.06316
1.0943
1.32363
1.66948
1.07483
1.28997
1.32971
1.11931
1.0614
1.90523
1.34905
1.00724
1.81223
2.97626
1.46561
1.3503
2.05357
2.52369
1.7023
1.2948
1.44852
1.60355
1.10801
1.29638
1.88545
1.53171
1.26484
1.54437
1.06291
1.25666
1.78783
1.12456
1.10287
2.50612
1.1178
1.15117
2.74692
1.66346
1.60131
1.95841
1.06155
1.61201
1.35028
1.88349
1.35478
1.48411
1.3248
1.3252
1.73044
1.49519
1.50156
1.29918
1.37869
1.68466
1.87418
1.59629
2.28899
1.8583
1.41261
1.55647
2.30393
1.4827
1.87093
1.58368
1.40141
1.13843
1.27756
2.71701
1.53613
1.41551
2.35121
1.44156
1.37336
1.71212
1.62355
1.10731
1.31867
1.31982
1.23759
1.36417
1.26646
1.11116
1.26583
1.03751
1.42876
1.96089
1.64601
1.22345
1.04555
1.11292
1.39427
1.116
1.3926
1.13172
1.94499
1.25314
1.14088
1.83652
1.20991
1.0591
1.42246
1.43562
1.6271
1.13736
1.29329
1.1659
1.04221
2.04622
1.65258
1.17938
1.45736
1.11236
2.10471
1.06103
1.00192
1.34859
1.43749
1.43252
1.02803
1.18847
1.34577
1.12204
2.03031
1.04557
1.33411
1.58788
1.15174
1.4894
1.88417
1.10557
2.24579
1.40322
1.17779
1.28181
1.18712
1.64569
1.79556
1.89469
3.12614
1.78339
1.45988
1.20717
1.39328
1.02097
1.6829
1.29526
1.01011
1.03227
1.24508
1.43784
1.312
1.48275
1.32725
1.54192
1.12367
1.05987
1.45371
1.33149
1.01362
1.23941
1.05609
1.37896
1.25191
1.47486
1.81892
1.1781
2.63643
1.38354
1.48155
1.57077
1.5494
1.35767
1.27998
1.02764
1.01117
1.22155
1.20298
1.24526
1.07446
1.67003
1.97233
2.39611
1.33899
1.60343
1.96741
1.27089
1.18511
2.38013
1.3625
1.34383
1.09826
1.05723
1.92292
1.47613
1.19713
