3.65216
1.71579
3.54785
2.77945
2.36012
1.46141
2.394
2.08829
1.60067
2.96156
1.28203
3.24912
5.46229
0.684054
10.5635
2.84614
2.82698
0.884699
1.07373
2.56723
2.24682
1.23161
7.17064
1.84389
1.42718
2.84914
2.20479
8.26983
2.41318
4.16225
3.07249
2.37185
0.975552
5.57115
2.67708
2.21191
1.00632
1.83918
1.86451
3.0842
2.82158
3.91882
1.68826
2.22552
1.71255
3.41233
2.30868
1.78063
2.69015
1.13711
3.9959
2.36998
2.23541
5.15823
3.27344
2.07123
2.69834
2.55637
6.32884
4.0158
3.37084
2.60893
2.7479
6.55733
2.81197
1.95017
1.99897
1.66567
1.00276
2.30436
2.23476
1.99229
0.985231
1.75688
3.20144
3.61161
2.80851
5.15007
2.96224
4.91525
4.06601
2.36921
1.44495
2.17684
3.02809
3.01703
2.76202
1.94708
2.67106
2.20591
7.00143
4.05557
3.24789
1.85194
1.90164
1.19596
3.19846
1.49926
2.34386
1.76443
4.59658
2.43534
2.67705
3.13397
1.59002
2.80354
2.60935
1.76794
5.59153
2.78583
3.13094
4.3914
2.86909
1.99744
1.4808
2.38711
1.80764
2.28742
4.42658
2.066
1.53618
2.14212
4.77016
1.94081
2.95006
0.660896
2.13323
2.01933
1.66395
2.59315
2.45994
3.12127
1.93421
1.8722
1.67416
1.80846
2.66186
2.25648
1.32188
1.89636
1.87901
3.13724
3.20552
1.61619
15.7299
1.92781
7.43892
2.27403
1.14907
2.11536
2.90317
3.07406
2.58433
2.36502
2.64671
2.76639
1.38948
2.17405
1.86732
3.69576
2.42226
8.30026
2.24431
3.78905
3.66391
1.62392
2.52199
3.1352
4.14633
2.06984
1.81223
3.20059
3.73945
2.12392
1.44775
5.52
2.24127
2.54792
3.95645
3.05442
3.31107
1.78356
2.61391
3.13508
1.83328
1.69265
8.10959
2.54487
1.9133
13.3613
6.56724
2.66242
4.41844
1.72999
1.95711
3.15421
4.03494
4.12617
2.25811
4.48499
4.07434
5.38108
3.58176
3.02865
2.72928
2.18035
5.50839
7.16268
1.96929
2.02072
2.46199
2.36663
11.7804
1.69532
1.02808
2.48378
1.70326
2.16643
3.35499
3.24429
2.02717
2.61701
2.52365
2.91003
1.88786
2.75757
7.68564
2.46495
4.75793
2.33156
2.12729
2.94084
3.0284
4.20591
1.8374
2.49785
2.70301
3.48381
1.21448
11.8445
2.42134
1.95878
4.4293
3.37286
5.95667
2.08125
2.64634
2.70388
7.86034
1.36708
2.02152
1.73588
1.93193
2.46112
2.18132
2.2343
4.01294
5.23728
1.34624
1.78316
3.03688
2.14773
1.89697
1.99661
2.06172
4.05332
1.58177
3.19082
2.6465
1.99954
2.29545
1.90198
2.82652
1.39242
0.846759
2.88106
1.74482
1.34849
2.23936
1.25354
4.46972
1.1102
2.72373
2.34171
3.04026
2.07506
1.6365
8.06273
3.96687
4.16697
1.88734
1.18628
2.01571
2.60156
2.07149
3.87596
1.93938
6.55712
2.38896
3.9936
1.7451
2.2748
3.15065
1.58705
1.56985
6.83811
3.21579
1.19973
2.2443
2.32939
3.35435
1.88884
1.71822
1.38955
2.31649
3.10522
1.29068
4.92007
2.3514
1.86143
1.43932
1.71425
5.35377
2.91678
2.54504
2.98423
2.33473
3.28641
1.23733
2.68521
1.64687
1.52996
2.10775
1.43164
1.44037
2.03517
7.75865
1.69368
1.01886
3.45516
3.72147
2.11829
2.40783
2.95754
1.23918
5.80516
4.47055
1.91346
0.999117
5.32295
2.50277
2.60804
3.08699
2.84075
5.62462
5.63628
4.23826
2.91028
3.6811
3.06018
2.7071
1.5566
3.75144
3.82026
2.87443
3.81866
2.96372
1.77737
1.94524
1.79778
2.19229
1.18707
2.8487
2.09507
2.97914
2.21186
3.07765
2.10476
1.91297
2.48946
3.12313
2.12314
5.40873
1.18843
2.29095
6.70379
2.63253
2.30453
2.6926
2.71482
3.29402
1.55404
1.88676
2.72884
4.23737
2.6729
1.85846
3.07067
3.33388
1.85756
2.19342
2.59382
2.49085
2.22204
2.00223
1.46145
1.26748
6.19765
4.03933
2.1388
6.11667
3.05862
2.45391
2.48149
1.3991
1.43129
2.79721
2.64906
1.79299
5.70093
3.55738
1.5079
5.2596
7.21404
13.0108
1.27938
3.31986
2.62664
3.17751
6.77599
3.10332
3.95015
4.23469
3.963
2.31099
1.81817
2.23904
4.54131
1.61181
2.53586
1.84504
2.73117
4.19513
4.39007
1.85369
4.78482
2.76386
2.12762
3.18766
2.45168
2.19404
3.17431
1.88358
2.08007
2.3317
1.89579
2.2598
2.70142
3.33912
3.47624
3.83655
3.35519
3.07538
1.85574
2.2477
2.44141
1.39755
2.57719
2.33638
3.68884
7.57406
2.65574
2.06205
1.21332
5.11297
4.9964
1.89408
3.13354
1.36744
1.66834
1.80347
1.9947
12.9097
3.13983
2.20898
3.32017
4.92084
6.20536
1.28909
2.23389
1.48515
2.09294
1.67804
2.94706
2.21878
1.83541
1.92576
2.15179
1.91115
2.37877
1.14406
1.95927
2.27444
2.7983
1.93796
1.57121
1.37061
5.52026
2.28774
2.73073
4.99763
1.39699
4.3454
2.64294
1.66445
2.27456
3.53556
2.44831
8.62159
2.19104
3.38234
2.23018
3.88624
2.69427
1.31561
1.17375
1.57327
0.980433
1.36713
3.11831
2.59387
3.38404
4.88177
2.74296
3.26809
3.4214
2.19371
1.86465
1.77311
1.89028
1.94711
1.77878
4.36403
3.42096
1.23288
1.93241
1.06619
2.49511
2.43751
3.90396
2.02649
3.78872
6.72992
1.41888
3.62194
2.75784
2.44746
2.29731
3.57767
2.92059
3.70867
4.70971
2.84542
7.8771
2.81538
2.91112
2.65228
1.42867
3.26937
2.63102
2.37289
4.83309
2.00301
2.56399
3.14282
3.6517
2.39425
3.9942
3.48585
1.32791
1.22718
2.85719
2.12094
1.78371
2.72612
2.107
2.60207
2.39621
2.74178
2.24789
3.14292
1.70665
3.13806
2.27556
4.31793
2.54106
7.11539
2.7956
1.8214
3.82895
2.11538
2.12143
1.14053
2.63466
2.59409
2.14139
4.57417
1.55738
2.0797
2.05942
1.43347
2.45032
3.10233
2.53133
1.64208
2.19235
0.775076
4.25024
1.40392
2.7808
8.81125
2.60018
5.09976
1.85227
3.43672
2.58525
3.24237
1.31023
1.61516
1.571
3.09983
4.01497
3.38253
1.13117
4.23843
2.13699
2.24028
1.47863
3.32165
1.71268
2.67908
3.98216
1.4219
2.59665
1.84501
2.11025
2.43172
2.13928
2.95412
2.44626
2.74004
3.31882
2.66081
2.74724
2.68054
2.19592
2.0972
4.65475
2.81366
1.87277
2.49533
2.08029
5.32957
0.893073
1.82515
2.16377
2.46775
4.0733
1.4169
3.71427
1.27831
3.99615
1.25803
1.02973
3.13998
14.7718
4.60902
2.71504
4.96219
0.849321
7.28866
2.47548
3.25322
3.82193
3.23306
2.59581
2.43857
3.96387
1.77319
6.73128
3.19973
1.75863
3.31604
2.58128
3.18354
3.47949
1.41462
2.51634
5.28665
2.05717
2.77011
2.17304
2.38137
2.63434
2.63525
1.76446
3.08942
1.41683
1.58848
0.779122
1.51862
2.42964
2.80896
3.63765
1.48496
4.07246
3.36404
2.26788
5.31012
10.0609
1.773
2.19702
5.15345
3.24728
1.23937
3.55869
3.87653
3.38708
3.67174
3.85456
1.72381
1.85121
2.90113
4.78776
2.04658
2.75272
3.08308
2.37551
3.21219
4.65505
2.86824
2.60918
2.34239
2.71954
2.13989
2.22654
2.5869
1.32962
1.83448
2.61789
2.32444
2.08617
3.28882
3.12654
1.66979
4.36896
2.48783
3.34152
2.70645
15.6236
3.39689
3.18246
3.54125
1.60145
1.77181
3.21344
2.48401
3.40852
1.47181
2.59987
2.19604
2.38829
2.80207
2.50611
2.60941
2.46394
2.26895
3.50257
0.962343
2.78449
2.68365
3.22284
2.78635
3.86754
6.22335
2.10929
1.83025
2.30484
1.97894
2.83778
4.85781
1.58937
1.46432
1.90151
3.26797
2.76722
1.46933
4.98906
3.61105
1.07339
2.96329
3.49897
2.18551
1.33976
1.37521
1.47646
3.97982
4.83691
1.53851
1.85174
1.66639
1.72358
3.9546
2.08457
2.03524
1.83037
2.81475
2.1972
3.35538
1.7745
3.59679
2.80131
1.51058
2.28251
4.1991
5.07635
2.41046
2.44952
4.98315
2.74888
1.14768
4.87412
1.88235
2.71999
1.66637
1.15463
2.03531
3.55262
1.95401
1.81186
1.79287
2.54089
7.33336
2.39334
2.65953
4.16929
2.5959
1.71857
2.00693
2.03165
2.24066
2.31271
3.67336
2.12564
2.41694
2.87118
2.19341
3.94679
2.75007
1.99363
3.21341
2.57518
2.59418
2.45017
2.49205
3.46607
1.47204
2.08985
1.36773
3.40127
1.94122
4.6212
2.57222
3.67977
7.69011
3.97421
4.23604
2.26658
2.64332
1.89629
1.74968
2.51474
2.77377
2.10154
2.69535
4.48087
2.65783
3.24372
3.71051
9.38653
2.79963
3.72104
6.40772
5.64143
1.59531
2.2627
2.06515
1.41322
2.89934
3.31439
4.04834
1.5384
4.34282
2.93312
3.16944
4.8358
2.87046
2.09343
3.85436
2.15827
1.15695
3.89817
2.11564
3.51373
2.15755
4.17374
1.81037
7.24092
3.54825
1.51048
2.68444
8.63682
2.42423
1.7122
2.45981
2.5335
3.34264
3.14785
2.25335
1.80657
2.94066
2.30018
1.56839
4.66902
3.1163
3.08389
3.83497
2.58078
3.77902
2.49492
1.33208
2.25992
2.49325
3.24094
1.48454
1.5921
1.92027
1.92712
3.29657
1.88852
2.89885
2.48479
2.70689
3.95982
2.25781
3.49707
2.301
2.13633
6.20175
1.71833
1.42617
3.49749
1.33682
3.95112
2.33852
4.92578
3.24699
2.8229
5.81107
2.23904
5.99854
1.57681
2.45713
1.93542
2.60936
1.65647
3.98929
4.03265
6.04743
1.63543
2.86565
2.43241
2.11372
2.13077
2.27832
3.17363
2.78399
2.3951
1.36951
1.37702
0.765707
6.71164
0.848298
1.47243
2.04276
3.72504
6.37785
3.6106
3.1136
2.55765
1.41238
6.18004
3.42836
2.91915
3.43179
3.25876
2.91316
7.8918
4.71312
2.9464
3.1243
1.25783
3.03219
1.21768
2.75258
23.6249
2.65516
2.42976
2.03861
1.53112
3.29106
1.74037
1.51395
2.30032
3.6444
3.35946
1.27448
2.38359
2.56077
2.93886
2.95896
2.16219
2.6694
2.45011
4.4486
2.58246
2.3481
2.25806
2.70428
3.70142
2.60528
3.00104
3.32384
2.55454
2.31278
4.34544
2.28987
2.40086
9.86093
0.62387
1.7213
2.20841
5.30122
1.34457
0.924713
1.26341
1.4194
1.17862
2.44678
2.72949
1.93973
2.24301
1.43127
2.09463
2.561
3.29698
0.799484
2.41458
2.00072
4.09226
3.22005
2.75521
1.95323
4.83075
1.22294
1.49443
2.2269
1.54372
6.09932
3.66158
1.90878
2.75348
8.13322
4.4383
2.79197
4.71893
9.51113
3.35091
1.3223
2.251
3.95743
1.83836
3.89808
1.53053
1.23314
2.20871
1.17318
6.13808
3.8629
3.6799
2.88747
1.80223
2.54931
2.78079
2.56793
1.91184
2.54109
2.47663
13.457
4.62129
2.40453
2.86432
3.37364
1.16115
4.58432
4.16415
2.38939
2.22578
1.94281
2.43872
1.21887
4.08629
1.16478
2.0772
5.276
3.31105
1.9632
1.89325
0.844442
3.13479
1.24307
2.58899
6.3791
1.49444
4.57795
10.2626
1.3064
4.42184
2.54336
4.76487
2.70096
3.00274
2.62054
4.20934
3.3048
2.55754
4.24871
1.87508
1.64312
1.65188
2.08901
1.85869
5.23907
1.48197
3.14846
1.73136
4.4059
6.33632
2.40987
4.37432
0.845868
3.81506
1.83347
4.80212
0.707784
2.65626
3.41904
1.90806
1.74179
1.40228
2.07097
2.66696
1.51581
2.19093
0.918399
3.80561
1.55643
1.9679
1.03155
2.32621
3.97707
2.22815
1.7051
3.40362
3.60309
1.68934
3.49675
5.73901
1.6688
3.49748
3.18935
2.43069
1.28937
1.36437
4.08839
9.79881
3.05583
2.36043
2.94965
2.77172
2.20756
1.32518
3.82684
2.17927
3.8064
1.8929
0.702016
1.6477
2.41773
5.63797
1.46927
4.10558
2.57345
3.86068
2.004
3.97557
3.50793
1.83707
1.56547
4.24755
6.44022
1.13703
3.29223
4.81643
4.13639
6.51369
3.43746
2.35126
2.03645
2.05741
3.26024
3.36335
1.76086
4.2483
3.21725
2.6755
2.42543
2.61898
1.64858
1.76961
1.42927
1.63249
2.37992
2.58271
1.02595
3.65382
1.99392
4.85751
6.69923
1.72126
2.40125
0.714483
2.78412
2.81285
1.88065
2.66277
1.82568
1.65309
2.96384
2.06976
2.7588
2.32871
8.45405
1.62058
2.40764
3.07308
2.23636
7.2548
3.24861
2.98376
3.42128
5.93956
4.78695
3.2596
3.38021
1.60978
1.47137
2.69972
1.03096
2.45348
1.78686
2.11761
3.52509
5.54154
1.35479
2.59358
4.41714
1.39604
3.84977
2.14571
2.06064
7.52728
1.76217
3.12438
3.8263
1.20042
3.03398
5.89605
1.54303
4.60329
2.77291
2.84324
2.8312
2.00511
5.36942
5.74085
2.87229
3.57014
2.82895
2.45881
2.99793
2.64702
2.78142
3.57261
2.4497
1.19787
1.6621
2.34204
3.2621
2.76821
2.95942
2.44547
2.84039
2.07712
2.42196
3.35553
4.2895
2.32972
1.21481
1.6555
1.05445
2.97017
2.08498
2.61684
2.48215
1.39216
2.25508
1.81304
2.29206
1.76929
3.97993
1.69055
6.30859
2.28595
4.03118
2.88402
3.31171
3.47918
2.51296
2.61917
2.53768
2.75195
1.12341
2.23629
2.80924
2.78221
3.62914
2.97653
10.5297
1.96913
2.14894
2.20813
2.41074
3.94204
1.85146
3.52623
2.26007
2.79534
2.89694
2.18171
2.53393
2.2789
1.34068
2.33845
1.45215
2.25936
2.76709
2.7254
3.00464
1.44441
2.96603
2.03692
2.24485
4.14262
0.917746
2.75305
2.78535
2.23906
1.85455
1.84866
4.43205
2.35058
2.08158
2.36752
3.03018
1.60929
2.36917
2.75141
5.7847
1.89295
2.14917
2.19733
2.80715
2.14316
2.59153
3.56033
3.1756
2.36146
4.20642
2.66197
2.60954
1.15668
8.90228
1.53902
1.83977
1.25835
2.92284
1.82356
1.7065
1.41944
1.47318
2.74149
3.10404
2.24081
2.44708
3.09501
1.02109
2.0631
7.11433
2.72753
1.89712
2.55883
2.1096
2.58799
1.54788
1.56975
1.60269
5.49912
3.29997
1.65752
1.72903
3.29014
1.63974
1.84838
6.44639
1.89977
3.00096
7.65556
2.18518
1.02248
1.87226
3.89997
4.21056
3.48362
1.50672
3.64549
4.98761
2.79137
5.53058
3.86786
3.02099
2.71863
2.1237
1.6487
2.80527
2.05114
4.23006
11.1048
3.39702
1.42672
1.98076
1.49321
2.9602
3.46516
5.13594
2.34096
4.68155
4.36006
2.04896
4.25682
2.18848
2.0004
2.95503
2.07561
2.88894
2.82104
2.67753
2.19988
2.63404
2.7783
2.62598
2.35657
0.991983
2.74886
1.67459
2.93189
3.43344
2.50119
2.61651
5.89327
4.03955
4.90165
3.76972
1.49256
1.61885
2.57234
1.87702
2.43877
2.23351
2.63667
3.36859
3.21977
2.55747
3.83352
2.32279
4.61056
1.34995
6.02271
2.97537
2.19905
1.75243
2.44522
1.74557
1.66867
2.84571
2.56256
3.03287
5.22735
2.58803
2.73003
1.4235
3.22936
2.24693
7.45012
3.83948
2.5609
1.53983
4.15695
3.67336
1.7189
1.99658
3.63201
1.72064
4.96921
2.30713
1.41366
3.78407
2.18329
2.572
1.50402
0.774686
2.91578
2.54089
2.76903
3.63416
2.94619
1.69215
2.15281
4.75447
3.49162
2.65758
1.90061
2.01283
3.29549
4.07665
3.03796
3.73966
3.47325
1.62095
2.3057
1.63053
1.85007
4.26077
2.42893
2.59671
1.70223
2.03722
1.83755
1.77608
2.9157
1.90364
2.89513
1.29193
1.59739
1.94664
2.78007
3.05501
2.35231
2.36001
3.26067
1.00476
2.10587
3.80582
2.7997
2.09667
4.74839
3.50679
1.92322
2.9415
2.77598
2.25004
2.16759
2.11176
2.84506
2.35154
3.90795
3.03099
1.34414
2.92342
1.93842
2.76675
3.0718
1.83902
2.38793
1.73431
1.26165
2.19521
2.158
12.5784
2.36142
2.08796
2.72863
1.42025
6.35476
2.90528
3.40958
1.68026
2.27022
2.3026
3.82907
0.714764
2.00994
7.97909
2.43409
2.20495
1.52887
7.2066
1.0468
3.32056
3.48407
1.87104
3.03847
1.43584
1.90404
3.59748
4.21138
2.81667
2.51832
1.64875
1.31376
1.52175
1.83027
2.10726
2.20106
2.11834
1.8596
2.5261
3.85575
1.95912
5.57691
4.30663
1.65576
3.58748
2.71078
2.68681
2.22548
2.50308
2.24032
2.60905
2.88125
3.04905
2.58865
3.24649
1.5959
1.79107
3.80603
2.06167
1.0723
1.63287
1.8208
6.1405
2.70612
5.30481
2.71252
2.44567
2.04069
2.80983
1.58962
4.63367
3.88758
2.04976
5.94555
3.85508
3.01848
1.53513
2.44276
2.51635
1.84334
1.38592
3.53043
1.53601
2.77139
5.40325
4.33882
1.95441
4.07924
0.638574
1.02421
2.79757
2.16243
2.21442
2.68049
1.7382
1.79049
2.45934
3.40652
2.85283
2.00156
2.32149
1.68078
1.3641
3.56576
1.92442
1.70037
3.11792
2.84803
2.89917
1.83415
1.84358
1.81366
1.68933
2.97914
4.04731
3.25975
3.62368
2.25882
2.97312
2.13721
2.56924
2.4516
1.69796
2.21591
6.47331
1.88322
1.57312
2.2925
3.61263
2.73375
3.07513
1.73263
2.851
2.06398
3.92794
2.88584
1.75692
1.32063
1.2089
2.17825
1.92555
2.94435
2.49822
1.92596
1.61958
1.5525
4.21111
1.8706
2.96453
3.74778
2.83493
4.15846
2.22874
6.09068
1.57108
1.46911
2.99005
5.59082
3.73514
1.3715
1.95831
5.24463
1.89425
3.55663
3.85455
2.48791
2.21415
2.37091
1.82928
4.5068
2.37216
4.41621
1.48149
9.2691
2.3537
1.23795
1.18127
3.36521
2.99132
3.68898
1.48036
1.16574
2.52301
2.21716
2.40087
10.3065
6.92723
5.57468
3.57267
2.13865
2.2767
2.63725
3.89721
1.33884
2.30657
1.39647
2.53948
4.64335
3.56449
1.83149
7.3768
3.02243
0.938474
1.90004
1.91301
1.34121
6.26034
2.44281
4.59733
2.06092
1.54626
2.43266
1.50954
2.46304
5.02045
2.55619
2.84289
1.6411
1.21524
1.49898
2.78477
1.4435
2.18925
2.63862
2.21971
1.6612
1.94483
5.19668
3.05556
2.48949
0.968799
10.6535
3.03807
2.04831
4.37671
1.90743
2.62121
2.90913
1.81432
7.62906
3.37526
2.66101
1.70809
1.26936
2.05579
3.40096
1.93401
2.60855
3.27659
1.48923
3.09233
1.43191
6.54979
2.46928
1.62379
2.10895
2.27985
3.42726
3.35126
2.82791
1.48231
1.62641
1.43889
2.71859
4.35106
2.33008
1.65316
2.66168
3.75533
3.34276
4.40358
1.95477
1.74397
4.3834
2.98588
2.03401
3.34591
3.77948
2.83788
3.10273
2.18749
2.60611
2.56553
4.0476
3.97572
3.91461
0.946871
3.38217
3.42987
3.06491
3.41708
3.99314
2.42231
2.50547
1.5446
2.21181
2.93468
3.55205
1.80449
1.58544
3.00622
0.74699
1.70203
1.12104
1.67022
1.71006
2.21735
2.25281
4.31729
2.52715
3.25555
1.47608
1.82542
3.16516
1.26402
2.46457
2.78742
2.79627
1.07263
2.06067
2.91058
1.61888
3.13355
3.36379
8.08096
1.78555
3.85454
2.55489
2.18318
1.53712
3.31246
1.85162
2.17829
1.31116
3.68388
3.47288
3.30339
2.00656
1.68858
2.91428
2.4898
1.7017
3.09479
10.1318
3.37033
3.33426
5.84856
1.76761
2.68377
7.77514
1.66575
3.15377
2.745
2.74706
3.14294
5.22761
3.56508
1.28068
4.09137
1.82568
2.19146
2.40032
2.4497
2.33351
5.42831
3.17832
2.89223
1.24868
4.722
4.81408
3.55094
0.884019
1.28627
1.82488
1.56551
2.24434
5.06914
2.42679
0.977214
1.96646
1.22011
1.17035
1.9495
1.94924
3.5927
7.26715
2.17777
2.3179
4.01808
1.93111
1.64036
4.09482
1.23071
2.8535
2.67327
2.11738
2.04418
3.50244
1.4113
1.85394
3.29782
2.63353
1.55498
4.41214
2.23129
3.87596
3.59631
2.86933
2.48534
7.76352
1.60694
3.26362
1.73662
2.09914
2.02869
5.72988
6.68907
1.71466
1.06489
3.24006
2.29105
1.42052
3.08616
2.62432
7.88406
1.8304
2.25682
2.61703
3.62119
2.63502
2.83105
1.82721
4.03728
2.31727
1.59494
3.01051
1.80163
1.45276
4.18318
2.39632
3.38083
1.98533
3.59174
1.50278
2.14135
7.59173
3.63573
2.4927
2.10275
4.29293
2.62358
3.42853
3.40576
1.02679
1.5495
2.99352
1.65535
1.90023
5.71611
2.66795
3.38825
2.6615
2.64561
1.44035
2.112
1.9657
2.22472
3.6639
2.17951
2.37487
2.24081
1.43761
2.3482
1.74835
1.72466
1.43992
2.14302
3.42352
1.95124
2.0374
2.93224
1.74897
4.61417
2.5546
2.36456
2.66103
1.66783
2.83293
2.15837
4.61757
1.67573
2.51889
2.78344
1.15131
2.15979
3.29871
3.81829
2.03934
3.66554
6.71539
4.13158
1.52174
3.333
2.05485
9.30488
2.46132
1.5373
3.26376
2.06282
14.4761
7.79173
2.98064
1.56076
3.09861
1.43621
1.12319
3.83783
1.78532
2.19653
7.14489
2.09575
1.99949
4.97823
1.49877
3.43472
9.21682
4.6803
2.96438
2.04149
1.89736
3.8099
4.38347
2.56905
1.87273
1.50616
1.4142
3.23585
2.29628
4.74566
3.33271
1.73681
2.83393
2.33432
2.71883
3.32488
3.71654
4.00871
1.8965
1.13572
3.33087
1.48373
2.04353
0.812965
3.07788
1.67091
2.97753
10.3677
1.35587
1.37422
2.10418
4.2295
1.80019
2.15187
1.33794
3.45402
2.26737
3.43293
4.71706
1.84387
3.72481
1.29499
4.64254
2.96113
4.31688
0.614662
1.67637
2.22238
2.19768
1.82869
2.20275
1.55769
2.27824
3.69048
2.44493
1.02733
2.29954
1.10684
6.61795
1.5533
3.18552
7.08747
3.8616
3.14983
3.97139
8.05678
2.85899
2.66503
2.88223
2.58919
2.90572
2.3702
1.80764
1.53023
1.33722
1.91937
1.22863
2.68858
1.96907
3.84993
1.36247
1.82773
3.28739
2.78564
1.32006
4.35227
4.35253
2.08044
2.10424
9.46759
2.87523
2.58539
3.96021
1.97259
2.31863
1.93023
3.60528
2.70705
2.99054
1.8924
1.81219
2.46923
3.32243
2.56851
1.14631
4.25298
1.32095
6.07308
1.0909
3.12956
1.39485
4.83674
2.40722
1.58453
2.10522
1.66443
1.68055
5.76765
2.35865
3.60306
2.92145
3.05728
1.56658
1.84744
3.59039
6.92845
1.91781
1.93944
2.42895
8.36793
1.93311
2.26411
4.5355
0.786175
1.19195
2.80243
4.77949
1.85911
2.42057
2.37177
2.42914
2.86292
2.42083
2.36422
2.43254
2.76068
2.60135
4.10487
1.24686
3.91982
4.01037
1.97167
2.40318
2.34187
1.80781
2.23939
1.21894
1.95458
3.79089
1.97084
3.80211
2.58618
4.38397
2.71136
1.12539
3.05337
1.22156
2.3721
5.22304
1.66549
2.22265
3.28557
4.41368
3.03611
1.9068
3.05022
2.00006
3.23293
5.99629
3.24636
4.19244
0.756452
3.22908
3.88961
1.19671
4.28685
1.90318
3.01466
3.67715
3.0048
1.43345
2.77778
2.63716
4.66513
2.25746
2.05822
3.38373
2.27803
2.94437
2.94563
4.48858
2.78528
2.50575
1.58862
1.51546
1.63441
1.68406
2.91541
3.33915
2.5817
3.88507
10.1822
3.81555
3.13135
2.58868
2.36771
1.40343
2.24563
4.82714
3.72915
1.80153
2.41278
3.79119
1.33301
2.21667
4.08295
2.25663
1.37641
2.61699
4.18066
2.75887
1.82755
2.20907
2.37091
2.72495
3.43348
1.45748
4.51035
0.963702
2.17501
1.10871
2.23014
2.5701
2.5314
1.66669
2.94311
1.22114
3.44724
5.71634
2.10273
2.54652
2.19625
0.878083
2.21301
3.62132
2.77673
1.46597
4.03929
2.58475
3.99098
2.72786
2.6665
1.47998
1.67155
7.0263
1.83312
7.52576
2.58706
1.57922
1.45901
1.78302
5.13509
2.28164
2.2361
2.03945
1.61316
2.46786
1.56145
3.93771
2.17583
2.18639
2.43181
2.35584
12.0675
2.62511
1.4181
2.81147
1.62645
1.13447
6.92664
3.51203
7.83223
2.44183
2.58802
1.67429
1.87909
3.96359
2.14186
3.86767
3.19127
1.69874
2.51996
3.06103
1.84957
3.89845
2.62353
1.6656
2.73631
30.8461
1.62334
3.79143
1.77899
3.56392
3.308
2.00907
2.06952
3.62639
2.39959
3.29009
1.61588
4.08975
3.19943
4.77209
1.56869
2.76739
2.78663
2.13536
2.39201
1.18102
3.36346
2.63641
1.2885
3.07426
2.41323
1.15849
6.84319
5.80393
2.53471
1.43858
3.40844
2.4786
2.01375
2.47724
2.5608
2.67538
2.34857
2.80785
4.98875
2.15638
3.26621
4.57756
2.3857
2.35416
2.79618
2.76236
3.71924
2.43822
13.2145
1.29679
0.794043
2.92352
2.00415
1.86291
2.03633
1.90159
1.13342
6.98737
1.81351
3.30537
3.45098
5.21898
1.13172
4.29194
2.57401
2.89695
2.93859
3.81395
2.08758
3.30069
2.57777
3.63193
9.92866
1.76163
11.9138
1.4242
0.764876
1.21766
2.10752
2.89819
1.34023
0.857223
5.421
3.82998
3.73723
4.4412
3.15285
1.47701
2.24498
3.25438
1.96065
3.10081
1.08569
2.02257
2.63585
2.89539
2.71819
3.14329
0.865951
1.46484
4.25729
3.07819
1.50612
3.99405
1.8675
2.44282
1.60763
3.19605
3.02055
1.78883
4.19787
2.25033
1.98996
1.62862
1.92632
1.06481
2.73715
3.99542
2.63542
1.80976
1.15323
1.79788
2.28647
3.43487
1.72767
3.23908
4.23539
2.38056
3.82623
2.65182
2.91267
2.57138
2.404
1.84861
2.01554
1.98385
2.67709
1.52928
4.95039
3.243
2.25067
1.64681
4.41034
3.84411
3.24785
1.93939
2.2531
1.47122
1.73088
3.56769
3.21776
2.76886
4.59604
2.73717
2.4137
2.10416
5.51777
1.39686
5.25857
3.86688
1.56108
2.6821
4.23123
2.70243
4.77643
5.59564
2.30185
2.19242
5.39974
3.05229
1.5164
1.20692
2.68104
5.24103
4.01325
3.05503
1.58937
1.89713
4.33184
1.7141
1.95607
1.56005
3.05605
5.62755
1.93313
2.43543
2.90313
25.1513
1.47841
2.49619
2.21119
4.22343
2.43688
1.49955
2.90343
3.49633
0.784867
4.15233
1.72278
2.64433
2.28568
3.23846
2.17766
4.26634
3.28857
2.95015
3.65021
3.40532
1.16811
2.2344
5.2566
1.54782
3.32015
7.24496
1.26093
3.07995
2.41675
2.72467
1.40712
1.21106
3.0206
3.84051
3.56168
2.62061
1.46103
3.10338
1.86665
4.84372
3.96117
3.19288
5.79422
1.13787
3.31581
2.08004
4.75738
1.92755
3.26224
4.35714
1.20321
2.24146
3.44942
2.38302
1.92896
1.81112
1.56604
4.13411
2.7131
1.37137
2.20508
2.16945
1.7112
2.33432
2.08446
2.10757
3.32955
1.81991
2.92936
2.69895
2.69132
3.00609
2.6337
4.37655
3.05399
2.62963
3.89102
2.80911
1.98667
1.77844
1.62862
4.6518
3.19616
5.42902
2.79993
2.43025
1.29795
3.03879
2.73393
9.81812
1.85986
2.58378
2.96181
2.93902
2.67121
3.53162
1.77294
3.2658
2.85362
4.60114
4.03979
2.04408
1.95075
8.03639
2.57412
4.76331
1.66176
2.93275
3.74197
5.74242
2.09694
3.26281
2.60645
1.30225
3.11131
3.11171
5.25167
2.49285
1.83756
1.21993
2.2853
2.01248
3.44281
2.13728
5.80243
6.38926
2.85753
5.20477
3.44155
2.62934
1.70731
2.39235
2.66998
4.20374
2.45081
4.62485
3.04922
1.58293
12.162
2.57403
2.22745
2.99161
1.49248
2.91075
2.4953
2.26339
5.95456
2.56106
1.80936
2.39328
5.00189
1.69579
1.79615
0.972685
0.986512
3.88805
3.29627
2.13913
3.14561
2.23554
5.94956
6.66936
2.22971
4.1057
3.50946
2.0318
1.84206
2.39142
3.5577
6.27742
3.45633
4.11525
2.79921
3.93711
3.57617
2.19163
2.6441
3.70668
1.22826
3.72954
1.7007
2.53955
3.7309
1.89613
1.87637
2.25387
4.5803
0.652461
4.68167
1.63292
9.77919
6.03069
2.48585
2.53422
2.45138
2.90695
1.42762
1.14612
1.28832
2.35644
1.94908
2.86131
10.6656
2.21409
2.70853
2.2852
4.0405
4.69512
4.35365
7.22514
1.10946
3.97444
3.39362
1.83364
6.09505
1.61646
3.06951
1.82403
2.32408
3.23623
2.67719
2.31448
2.07074
3.9731
1.60351
2.32091
4.71948
4.0276
2.24945
3.45376
3.83938
4.49998
2.62261
1.77159
1.89978
1.99758
2.76986
1.14743
2.90903
2.16137
1.9965
4.37949
2.39592
1.44365
3.86713
1.23693
3.27101
3.51414
2.13331
3.85189
2.54221
2.40431
1.22463
1.98399
5.2616
2.22736
2.62888
2.58736
2.75932
1.30554
2.15616
3.25429
1.76139
1.76929
0.933648
2.33924
4.41967
1.2594
1.73643
2.032
3.29438
2.92506
2.28604
3.43197
2.82039
4.60064
3.80078
1.89365
1.93912
1.54665
2.09605
26.4786
2.26114
1.81286
3.45036
2.61681
1.62064
2.20053
2.28242
3.40431
1.05273
1.93325
2.5475
1.93283
2.88289
2.45221
2.15505
5.80747
2.89563
1.56112
2.66768
3.55402
3.18899
1.68473
7.05818
2.36761
1.64795
1.707
1.45519
3.69831
1.536
1.54591
4.07006
2.11424
1.1339
1.25937
1.59858
1.79471
3.01411
1.64308
1.52576
3.46257
3.03654
2.33387
2.63637
2.03653
2.45386
2.51787
2.21629
4.76585
1.00735
3.56261
1.54355
3.65869
2.84095
4.00464
1.45259
2.66443
2.5029
3.17907
2.59371
2.61188
2.31966
2.02901
2.45324
1.52451
6.34671
3.21497
5.93228
1.82868
4.3776
3.73448
3.06012
2.87136
2.04742
3.7889
2.50405
1.34828
2.03863
5.37198
4.07201
8.07192
2.8814
1.88058
1.65874
1.72518
1.04465
2.22461
1.73725
2.27554
5.36388
2.32199
4.36119
2.80704
1.87964
2.14107
1.40158
2.08771
3.06163
1.35349
1.77404
2.20234
8.09246
3.57885
3.30277
1.51695
3.55559
3.58133
2.79294
9.86762
2.06816
5.5426
4.91094
0.952923
2.37089
7.48916
1.47253
2.63199
7.69315
2.65426
1.73295
2.73385
1.77153
2.55327
1.36164
2.80697
2.5453
3.33512
2.89063
2.63722
3.11041
1.60389
2.77475
1.68479
5.13251
1.33719
2.32158
3.13514
2.39088
1.43274
2.64812
2.92856
3.16878
2.18269
2.67818
2.37233
3.04038
2.73806
2.56994
1.88555
0.75293
1.69024
1.51984
2.36829
2.82895
1.79391
5.47683
0.877548
3.50496
2.87195
2.1834
1.25208
2.87967
2.21238
5.39826
2.61545
5.49417
1.81285
3.26626
2.84537
3.33142
1.79798
3.01354
2.49478
3.34828
2.07243
4.51587
1.40308
3.72338
4.17632
3.79507
2.53423
2.34149
13.3712
1.83485
2.62938
3.03509
3.15636
1.77045
2.97283
3.80332
1.24961
4.85184
1.1242
2.14134
1.00467
1.37449
4.8455
2.1387
2.30774
1.79972
2.78022
2.773
2.18015
2.08669
4.44816
2.20677
2.48274
1.96781
3.5905
2.24097
2.53664
1.89499
9.11898
1.98751
3.49612
2.31446
1.77616
3.67294
2.08805
4.21676
4.92089
4.16107
1.16208
3.59422
2.27477
4.31107
2.91568
3.9225
2.49849
2.59578
1.60522
3.57355
2.29449
2.50021
3.58028
2.78576
1.7628
2.7587
2.26572
2.42027
1.11542
1.78604
1.96234
3.20855
0.95308
2.26851
5.09944
1.50259
2.5443
3.58899
5.58142
3.36809
3.24259
3.86511
2.36104
3.71413
0.900472
5.11116
2.35378
2.64812
1.89873
3.34682
1.3724
4.29861
3.87792
1.80155
3.73822
3.58798
2.89582
2.18332
1.93927
1.84141
2.05233
4.71626
1.37652
3.8839
2.12446
2.55847
3.6389
4.44058
2.11467
2.40061
2.28254
0.975384
1.99818
2.39385
2.27417
3.2488
2.21043
2.47187
2.31969
3.3374
4.1934
2.58699
3.60697
2.0002
2.61369
2.11573
2.28177
3.29766
4.40622
1.53427
2.90417
2.73373
1.52426
1.79085
2.03419
1.67035
1.87122
1.9298
2.09297
3.38138
2.70273
8.80914
2.28308
3.40449
4.28539
3.06726
2.27605
3.40308
1.76952
2.07363
2.62884
2.71326
1.06581
5.66462
3.13859
2.48858
5.31497
2.34326
7.87362
2.53304
1.51064
3.46302
3.06695
3.50887
5.89184
3.52907
2.82594
4.13589
3.04496
2.26691
4.45666
1.81645
3.216
4.40498
3.29245
3.14129
3.39811
2.40881
4.31623
1.76892
1.55309
1.97312
2.58612
2.52837
3.81995
2.25826
2.45867
0.976793
2.27086
2.95037
1.00136
1.96197
1.78067
1.20513
2.44542
1.71116
3.34956
4.0465
2.62569
8.04394
2.3718
2.53598
9.52037
1.84082
5.58187
1.21008
2.36151
1.34445
3.28263
2.81642
3.18097
2.18562
2.17364
1.22417
2.12697
5.21972
2.19701
3.90393
3.99625
2.18265
2.89504
1.44481
1.47448
1.24239
2.73028
2.31094
2.6327
2.55703
2.12759
3.06137
3.42894
0.991542
1.77882
3.20977
2.21481
3.00413
2.11986
2.22478
1.64696
1.90694
2.80674
2.3285
3.51642
4.09001
2.61447
3.42769
2.0244
2.28365
3.20775
2.21382
2.75333
1.72103
2.7887
4.17831
4.25395
3.25988
3.36293
2.66135
2.74148
1.57264
2.35517
2.37255
6.19556
2.32335
2.63646
2.5908
2.91153
3.37547
1.82442
2.57817
3.86066
2.40385
1.95612
2.97543
3.84402
1.31391
3.53082
3.82787
2.39979
8.28162
3.59013
3.51274
3.37347
1.6236
1.80455
2.40608
1.92105
2.28431
4.49428
3.84833
2.88837
4.14395
3.57225
2.31814
1.76271
2.53824
3.31595
2.33659
3.02024
1.44099
3.37431
3.76217
3.18185
6.68303
3.86639
4.70879
5.32644
3.68375
3.04887
0.858335
2.41078
2.70049
2.01754
2.05113
6.32818
4.53871
4.05803
2.26177
0.980749
1.38695
2.03704
1.00391
1.01874
4.94673
3.17892
2.0293
1.56953
2.53128
0.850338
5.45831
2.28327
2.25283
2.22439
1.34153
2.91696
3.30047
3.05611
1.5873
2.72365
2.69547
4.25144
2.19678
2.17844
2.84961
2.89877
2.41965
2.35317
2.48445
4.17351
2.39888
5.50242
2.51071
5.80718
3.91584
2.15677
4.20039
1.49646
5.12192
2.89386
1.27203
2.93783
7.21399
1.34358
2.65191
3.37324
3.74477
2.28085
1.77082
1.20721
2.72635
2.37794
5.79053
1.30214
3.09272
1.08949
1.68291
2.37963
2.3829
3.09394
4.82852
2.91944
5.97563
4.40563
2.74096
3.92372
2.93189
1.38025
3.3371
1.44312
2.77074
3.16387
1.32921
1.83893
4.9288
2.84228
1.87755
3.11408
2.77921
2.50421
7.39609
3.08496
2.18792
3.67529
4.44324
1.54622
1.76137
1.80198
3.11626
2.79913
2.85115
5.5275
3.52571
1.55482
2.12116
2.33404
2.23737
3.02987
4.54126
2.02237
2.64377
3.60683
2.28671
1.67367
2.43425
1.27617
5.5768
1.36489
2.34167
2.58139
8.62491
1.6678
1.51112
0.91264
1.63803
1.7789
2.89022
1.81087
1.05135
3.86613
2.16434
2.13592
2.01383
7.31739
1.67925
4.63332
3.5309
1.37176
8.91
1.93895
1.45643
3.88743
3.18115
2.84527
1.63921
2.44344
3.55298
2.01656
2.03583
0.793204
1.69069
4.3306
2.34988
8.43403
2.23676
3.21842
1.96447
2.16007
1.73538
2.1201
2.63042
10.3799
3.01056
1.75794
1.22216
1.54983
2.67492
3.46499
5.5169
1.00478
2.56167
2.42372
2.98035
2.66618
3.09932
2.98781
1.51966
3.67294
1.53987
3.14653
2.28653
2.53729
4.71207
4.51351
3.79952
2.52725
3.316
2.5347
4.2646
2.2539
6.88884
5.29444
3.34222
1.95843
1.56646
4.11036
1.66577
4.10607
2.47552
2.2631
4.71034
2.80173
2.7169
2.6638
2.17768
3.58361
1.89361
5.47214
4.57085
2.09728
3.2837
2.70667
2.09768
9.33213
1.09167
1.89324
2.55428
2.55945
2.75466
3.39313
2.86614
2.79032
1.26762
2.19054
1.8421
1.92438
2.6509
1.75862
1.9934
1.85469
5.7818
5.64981
2.8214
5.11031
3.58464
2.75781
0.872808
3.50619
3.16323
2.83878
3.43924
2.53477
3.17002
5.36863
2.1888
3.1874
2.43616
3.04942
3.45259
1.22491
2.94617
1.82872
3.03263
2.4172
3.51211
1.5404
2.87573
1.95615
4.09379
5.19824
13.5318
3.6487
3.40381
1.80012
2.09377
2.41041
3.51113
4.91537
1.73114
5.0637
3.13442
2.8241
1.7595
1.27767
2.69243
2.96383
1.78798
2.65706
4.12783
3.93426
5.17423
2.16503
2.051
3.38156
2.32341
1.41561
1.9666
2.29251
1.98996
2.08472
1.99298
1.20228
2.91268
2.78084
2.9706
1.7396
1.99749
2.85322
2.78824
2.51695
2.12809
4.87745
2.10273
2.38479
3.06387
2.61838
2.11968
2.33466
3.63887
1.95532
1.59884
2.03934
4.06132
1.42109
10.3491
2.61265
8.54096
5.47507
2.37769
1.75596
1.66459
1.86193
3.19615
1.94279
2.10667
2.36752
4.883
1.73182
0.843176
1.29975
4.7359
2.94944
1.94301
1.6988
1.99416
1.51234
5.55054
3.57487
2.402
4.21431
1.88539
3.22705
4.12429
2.14325
3.42343
1.99609
2.00516
1.48619
2.34566
3.28487
5.51099
2.80155
4.1951
3.83429
1.6882
2.46253
1.51937
3.07979
5.83305
1.5832
3.30467
2.8959
2.73821
2.22325
2.13934
1.22378
1.80628
0.997704
2.73151
1.48204
4.30299
2.56272
3.1514
2.27359
2.66911
5.58542
1.39693
1.89641
3.54961
1.45699
1.36838
2.15465
1.43301
2.74274
1.82754
4.59562
3.5706
3.15146
2.84436
4.19855
1.8194
4.30402
3.60735
3.37511
2.6711
1.87745
2.30472
3.63306
1.14035
3.56189
1.86213
1.60498
1.51534
1.10741
2.56394
1.80718
9.5815
2.71032
1.58563
3.10629
4.62589
3.36004
1.3716
4.59834
3.63534
1.64589
1.25881
2.65955
1.63937
3.93032
2.14699
4.87675
2.68418
1.71373
1.59083
2.71647
3.44711
3.55863
1.94959
1.77103
1.01468
3.06813
1.37212
2.29786
2.79479
5.4215
2.0361
1.88616
2.97343
2.85197
2.08449
5.19162
4.01873
1.82173
1.85982
2.53308
3.51222
1.21697
3.12496
2.95202
1.84065
3.07662
5.50987
1.23227
2.05482
2.34097
4.64882
6.38662
2.35581
3.38464
2.58635
2.60354
1.95525
1.80384
1.97912
2.65668
1.12166
4.77726
1.64008
1.81184
2.54936
3.19607
1.44612
2.05015
6.77755
1.91699
2.03907
3.94623
1.25064
2.40768
2.19795
2.04751
1.97358
1.43006
2.04331
1.21132
3.5554
2.24286
2.35528
4.56527
2.9877
0.902066
5.60169
1.85484
1.4881
3.48143
2.50127
2.33001
1.8855
2.63109
1.94626
4.6848
1.79936
4.44031
2.66567
3.88086
3.20805
3.13887
2.066
1.84672
1.78825
4.13472
3.81866
2.34695
1.56879
2.20429
2.85232
2.38171
3.5508
15.4738
1.73647
2.39502
2.32309
2.01864
1.75491
1.32548
4.47635
2.29562
2.49174
4.95332
3.52791
1.56287
2.68339
2.35115
3.6565
3.25936
3.11297
2.10457
3.70812
1.26192
1.64967
2.09285
1.37311
1.84946
3.89413
5.77277
2.0189
1.92229
1.95958
1.95433
1.16806
5.16412
1.79549
2.296
0.927728
4.1423
3.29169
5.72019
3.55929
2.04064
1.88147
3.14313
2.16079
2.68574
0.869322
1.30812
2.59674
2.68532
3.39197
1.56743
2.53547
1.74528
1.43682
2.27271
1.66022
1.81615
2.04982
1.90978
1.41577
1.42459
1.7421
1.25244
2.87618
1.97749
1.95923
2.08422
3.0053
4.27603
3.43207
3.27464
2.45879
3.1269
2.64633
1.80204
1.78231
1.99925
4.83898
2.63093
3.30477
2.1189
2.26593
1.54732
1.68253
3.87192
2.742
2.0974
3.69382
1.87813
7.3809
2.11475
2.09687
2.03636
1.53626
1.50009
2.95155
4.32724
3.61377
1.59539
2.62568
1.48113
1.22403
2.98157
2.59613
1.39413
1.16163
9.67745
1.12794
2.35685
2.51236
1.52054
1.67631
2.13141
3.44599
2.51898
2.91549
8.60087
3.48075
2.33147
2.36165
2.85042
3.01493
2.5019
2.93998
1.0777
2.31972
1.95728
1.55871
1.45988
2.79962
2.56398
1.89554
2.42393
2.47939
1.74676
2.96592
3.55514
3.6197
2.7973
2.53128
1.30402
1.97871
1.4371
6.47336
1.57705
1.62701
4.50932
5.6258
3.46868
0.851623
0.720937
2.19431
1.60225
1.03115
2.40628
5.59811
2.06474
2.99913
2.96643
1.88938
2.95989
1.79198
1.53593
3.15854
1.50782
14.2159
1.71584
2.77092
2.27485
1.54992
1.11192
2.86364
3.7204
3.99354
2.45441
3.5347
3.04342
3.25946
2.48036
2.89993
3.71195
2.24203
3.71505
2.76427
1.66746
1.0872
2.15754
2.62887
3.97448
1.5534
3.67617
4.19378
1.62383
4.08061
10.2542
3.27142
3.57829
11.7517
2.80697
2.02675
3.95494
2.83626
2.73083
1.89567
3.41745
1.39271
5.10513
2.06952
1.55431
2.35143
1.20796
3.08964
4.70258
3.95267
1.55303
1.54956
3.76734
5.10441
2.39762
2.49726
2.0515
4.57486
2.94013
1.97972
2.00498
4.53161
0.979982
2.06214
2.65095
1.61657
1.43276
3.78063
4.57686
3.84279
4.64163
2.64734
3.75892
2.2086
3.01834
9.41508
1.82615
2.22272
2.44747
1.58602
1.39022
3.8907
7.45718
2.25864
1.416
1.32601
4.53325
2.40563
2.05571
2.43816
2.0516
2.47097
4.15837
2.76515
3.1304
2.16213
3.32701
3.01965
1.528
2.70493
1.9033
3.70222
2.31061
11.9393
1.43425
3.55174
3.04672
3.47793
2.0259
2.47892
3.65194
1.84332
1.82693
2.64139
2.56388
1.9653
2.00329
1.95464
3.50047
2.96522
3.91246
7.32685
2.43222
1.32995
1.23936
1.99751
5.30007
2.56292
1.93997
2.24514
2.78497
2.96903
1.63325
7.48162
2.62337
1.57892
4.56585
1.36413
4.78553
13.7409
3.15452
3.49445
2.09685
5.55189
2.58093
3.29754
5.10121
7.2992
3.91889
2.01511
6.63708
2.88182
5.25255
3.05603
2.0252
2.17494
2.63972
3.61061
2.05084
2.72637
2.11668
3.78422
2.41309
1.37276
1.66788
1.30448
2.49814
1.48371
1.51015
5.5358
4.29883
2.37586
8.72088
0.61428
2.83459
2.84266
2.38941
2.23976
2.38419
2.28363
3.28855
1.57789
1.75371
1.70788
1.91731
2.56856
1.50033
4.2488
2.00158
1.65796
3.05415
1.18167
2.8544
3.14514
1.79862
1.20501
2.15967
1.45648
1.5179
1.89721
1.99704
2.58164
3.06496
2.76662
1.61699
1.68472
4.37065
2.66259
4.26827
2.17859
2.83597
2.56416
2.05356
2.42127
2.50665
1.76194
2.04375
3.61936
4.93102
2.15047
2.02457
1.74726
3.06535
2.06303
9.14029
2.06919
2.23295
2.80007
3.686
2.42025
2.30252
12.7226
0.939406
4.58641
1.61929
3.58533
2.84763
2.10768
4.31282
0.971182
1.82859
2.68775
2.13078
2.82282
1.0825
1.51784
1.55217
1.73153
2.39421
3.39547
4.74862
3.93681
1.75173
2.34839
1.75838
1.92219
2.50948
1.3362
1.80696
5.37415
2.41152
2.359
0.990847
1.8803
4.22849
1.66387
2.28403
0.98814
2.44302
1.05589
3.81254
3.8524
3.59649
1.96795
3.95245
2.61831
2.18401
2.87238
0.9641
1.60095
3.34564
1.87229
2.78311
2.21115
4.11135
5.93021
4.4302
1.93714
1.74452
2.43292
0.889534
1.09622
2.64786
2.55531
11.8666
1.76475
1.90663
1.50816
4.96508
3.53678
3.83311
4.70351
2.56757
2.3736
2.0804
2.75553
2.3814
2.37454
5.41646
8.39972
3.65178
3.41969
3.07348
1.66794
1.29505
3.11427
3.28052
1.23329
5.19044
1.42918
1.97406
3.04166
1.67857
1.27713
2.08219
3.46946
2.28049
2.96911
2.72602
1.06648
9.3369
1.20186
6.7185
2.63797
6.43589
1.51219
2.47458
1.67755
1.25461
2.8463
1.78022
2.75083
1.50422
2.08419
3.55939
2.33817
2.88055
2.94923
4.00887
2.06737
3.10036
6.35212
3.28737
2.47317
2.89068
3.33277
2.82901
1.01384
1.74614
3.74625
1.94206
3.29361
2.17996
2.55926
1.3356
1.7098
6.13472
4.51698
2.96658
2.39501
3.0547
2.84988
2.69269
1.29539
2.89784
3.48586
11.535
0.947511
3.28704
2.70237
2.33071
1.55367
2.26927
2.13754
2.01467
3.29038
3.15576
2.75493
5.46551
2.12676
1.8714
2.9798
1.75681
2.04375
1.82331
1.34077
3.87304
1.89789
2.42928
1.21283
3.14993
2.0808
3.35782
2.27737
1.74874
2.53545
1.56288
2.34686
2.04922
4.85975
1.30366
3.12777
1.71394
2.05337
2.28498
4.79031
1.86836
1.42981
2.05252
1.47796
1.5569
2.70856
1.30353
1.13442
3.21499
2.1549
1.54671
1.89562
2.93016
1.94905
2.48544
1.53492
2.75206
2.04629
2.87792
3.73173
2.82695
1.99771
1.90085
2.07332
1.66385
1.70966
3.61484
2.21026
2.33554
2.77063
2.7569
1.33297
3.90533
1.69916
3.25403
3.50707
3.21714
2.72407
0.991323
2.15186
2.8049
2.21681
4.1987
2.02894
1.9924
1.9259
2.08609
2.65982
3.18261
3.00444
3.72703
4.4605
3.78647
1.03658
3.31445
1.78182
1.57041
2.91754
2.05503
1.28548
1.58485
0.69524
4.71087
1.08666
1.78455
2.28682
2.14278
4.85552
1.1951
2.53285
3.07317
5.27871
2.85574
3.69992
1.40082
2.21317
2.18434
4.4654
1.62583
1.62733
2.07603
1.27241
1.71315
6.55458
2.31616
2.89514
3.26804
2.16761
1.61365
1.7771
2.03959
2.90912
2.24299
0.880045
2.56345
5.04568
3.75764
3.85517
3.64258
2.06453
3.46518
1.60155
2.98646
2.92834
1.09432
3.5979
4.71126
1.92935
3.75987
1.39564
2.78933
2.46208
2.62666
5.1479
4.28367
3.5802
1.9446
4.8572
1.45257
4.09712
2.07508
1.26893
3.03005
1.84015
1.87083
2.02236
1.3164
1.69862
0.845743
2.35906
1.4029
3.08177
1.85103
5.61441
4.28295
1.98257
3.56889
3.69647
8.87475
2.78258
1.3939
2.94702
2.87119
2.91706
2.02498
4.15961
6.24279
1.80578
1.41791
1.74551
3.8196
3.05814
2.90904
2.25151
2.72058
2.02672
2.44007
3.62982
7.9798
5.29866
5.33411
2.25256
2.41838
3.17667
5.05997
1.59805
2.01804
1.58976
2.82814
2.02296
2.0702
1.34839
2.12662
4.18846
1.84465
3.13261
2.88696
4.19874
1.56843
7.54047
2.73522
12.5728
4.85172
1.81548
1.28081
1.90059
2.57495
1.68336
1.67183
2.40252
1.15053
1.53554
2.28583
1.31386
2.23929
2.43181
2.37379
4.25983
2.5819
2.4163
2.27323
3.7978
4.58628
4.09628
3.04612
1.58403
1.95228
1.2283
5.25701
2.99785
3.366
2.03555
4.02583
1.9103
0.736164
2.19026
2.69929
2.44398
4.18411
1.48049
2.6494
2.53492
1.9632
3.83227
3.3992
3.29978
4.33985
3.25271
1.84156
3.17636
2.02631
1.86736
1.35727
3.35428
3.19994
1.84822
3.38132
4.97096
1.48952
1.84356
3.38584
1.94656
2.87013
1.39072
2.37615
3.32987
3.09721
3.77915
4.35481
3.51
3.03858
1.13996
2.59561
1.17925
3.72946
2.05737
2.67455
1.9585
3.56459
4.46821
2.24387
4.19288
1.92853
2.59475
4.15037
2.06966
5.99667
1.53551
1.03005
4.7256
1.33856
10.4273
5.89009
1.58299
2.60298
1.71981
2.31609
1.30598
1.82159
2.15878
2.34214
7.53045
3.72806
3.32167
2.60145
3.97601
2.10166
3.19077
11.3548
2.04284
3.04794
4.01384
4.93139
3.2307
1.96854
2.07061
1.05351
3.44172
1.20952
4.21102
1.52506
1.68414
2.43833
3.32396
1.58902
2.3457
2.45477
1.79186
1.51486
3.94558
2.50659
0.988719
3.69469
7.92008
2.8084
2.50991
4.36638
5.93427
3.408
2.35916
2.7649
3.15665
1.74482
2.36355
3.89148
2.97549
2.27444
3.00741
1.52363
2.2508
3.63024
1.81291
1.72261
5.86779
1.7857
1.91352
6.84378
3.30863
3.15101
4.09326
1.51574
3.17805
2.50986
3.88613
2.52183
2.85531
2.44148
2.44256
3.48055
2.88334
2.89942
2.37131
2.58482
3.36275
3.86084
3.13831
5.10045
3.81789
2.67289
3.03788
5.15024
2.85173
3.85203
3.10648
2.64394
1.86653
2.31076
6.71452
2.98664
2.68035
5.31059
2.74716
2.57084
3.43326
3.20726
1.74186
2.42485
2.42796
2.19461
2.54667
2.27909
1.7582
2.27728
1.3542
2.7144
4.10024
3.26423
2.1519
1.41378
1.76555
2.62542
1.77834
2.62109
1.84095
4.05567
2.24054
1.87573
3.75941
2.11004
1.50127
2.69823
2.73196
3.21624
1.8625
2.35495
1.96555
1.38988
4.34483
3.28091
2.0114
2.78744
1.76323
4.51833
1.5127
0.813513
2.50536
2.73675
2.72403
1.27264
2.04144
2.49787
1.80288
4.2985
1.41393
2.46663
3.11709
1.91555
2.8687
3.888
1.73434
4.95876
2.64864
2.00606
2.32278
2.03703
3.26341
3.65059
3.91671
8.71364
3.61857
2.79384
2.10142
2.62286
1.19974
3.35826
2.36043
1.04677
1.31099
2.21685
2.73765
2.40663
2.85186
2.44811
3.00122
1.80939
1.50582
2.77813
2.45957
1.10448
2.20003
1.48298
2.58551
2.23693
2.83188
3.71248
2.0071
6.37803
2.59749
2.84882
3.07393
3.02009
2.52948
2.3176
1.26897
1.06533
2.14609
2.08818
2.2174
1.5871
3.32536
4.13248
5.46694
2.47973
3.15636
4.1186
2.29179
2.03039
5.41084
2.54226
2.49269
1.70215
1.48996
3.99434
2.8351
2.06952
