1.40441
8.12068
7.51269
42.4677
0.934459
2.62061
0.548707
1.5145
6.46053
0.923853
3.68886
2.47579
3.34182
1.65536
1.43835
2.6491
4.73828
1.08511
4.11441
3.03627
26.7766
2.70452
1.451
125.154
0.547196
26.0043
13.4149
0.800534
26.5614
6.23299
1.7549
0.767793
8.93362
1.16438
0.672755
1.84147
1.58012
3.60593
2.41062
30.5177
11.4879
2.4285
0.942917
29.7902
13.5797
551.657
5.10421
72.9968
7.3321
3.72795
0.632667
12.0076
1.00316
1.4737
2.9916
2.06737
0.619298
1.05363
17.9819
11.0438
11.4888
4.34666
10.7223
4.90282
2.44175
28.4254
2.1628
1.08314
31.2025
32.5403
0.616681
10.2367
0.545554
23.5799
0.919989
13.5451
1.29473
5.78982
0.671798
2.05021
2.91178
19.0849
98.8529
9.1831
5.42981
0.847764
0.659264
4.47758
4.06623
9.67222
11.6335
6.09485
0.644578
16.704
2.70226
0.902245
1.68586
0.665716
1.86593
12.7017
1.91164
0.985199
2.12195
7.33401
0.682907
0.854111
4.00442
0.723379
133.484
2.50036
0.943094
1.03009
1.53433
1.36966
0.541453
34.5381
3.1354
3.07345
14.4537
0.82982
1.09651
7.28579
2.88988
5.91842
2.81596
2.17739
48.3003
23.4103
0.518361
52.9918
204.365
32.4303
2.27066
1.18496
12.1542
1.28809
6.0418
3.10189
31.5656
1.74743
1.6212
6.29186
130.519
3.69613
1.68186
15.6047
11.9302
0.905375
1.43023
24.8628
6.89826
0.51946
7.62748
17.8382
1.00907
11.0315
115.466
6.50593
1.27784
1.45607
3.29007
6.28657
3.58222
7.91269
2.52609
4.40105
19.2205
0.823142
3.87847
3.85861
17.6386
2.22729
10.5352
25.1647
0.567232
28.642
0.878794
0.804867
0.508575
1.04533
3.192
1.76283
1.57783
0.793759
15.9014
18.9826
6.77289
0.562471
256.888
4.14716
8.49822
0.635797
3.15678
6.7134
2.55074
16.0541
37.1235
0.685065
15.3833
6.48155
3.19287
0.617464
52.9415
6.51074
0.576804
2.17152
5.73019
7.98687
2.606
5.88266
188.75
60.4238
0.906961
1.32383
2.67623
0.582238
0.685852
0.606098
0.773777
44.2813
0.991408
0.848498
16.3898
1.60671
6.77943
1.13359
0.573994
7.42705
0.622106
1.47923
1.12757
4.51763
1.39414
2.60545
0.619898
149.017
0.746532
30.5469
4.16808
4.10317
6.02255
0.563252
19.2798
1.47835
31.0938
2.50878
1.78525
0.705475
1.08801
6.82574
0.698726
0.550732
0.989144
15.0853
96.3306
1.20129
0.622744
1.86854
4.42635
9.13475
194.777
4.77891
75.0092
1.57697
3.7321
1.33047
1.19767
2.1051
2.05067
1.31225
1.40619
24.8758
186.589
1.50319
1.92078
8.26183
1594.6
3.71661
19.5157
60.1772
5.90939
17.8304
9.66761
21.935
0.843419
4.59009
7.61664
7.41791
26.9177
7.14444
0.775299
9.36962
0.964796
1.17115
1.67702
2.67529
0.624003
25.8756
0.769542
63.3167
0.786532
35.7985
3.06808
0.587786
0.83759
39.0881
7.16785
2.82225
0.532273
44.278
115.031
80.022
1.29414
6.34507
7.77382
0.628105
4.40003
23.652
13.0404
0.794544
0.984213
13.7128
10.1379
0.529947
0.519977
2.83249
1.33585
1.9969
1.69413
19.9539
3.84389
5.14259
0.685514
0.503253
26.2152
198.133
1.87002
4.97555
5.70197
78.0239
16.5863
7.83112
3.53783
3.56628
0.652755
1.76241
16.497
2.20334
3.47041
0.758656
7.12608
0.646093
5.35382
2.36927
0.583195
23.5798
2.45868
112.843
52.7743
0.968164
1.05798
0.760812
0.613844
1.66841
49.2885
0.559024
15.4377
13.1376
8.74317
12.2793
0.798662
12.9677
1.40618
0.519873
3.54904
1.00247
41.6668
2.03312
3.47789
6.42013
2.09233
2.70851
15.1897
0.822181
1.16789
0.892891
48.6109
1.16804
2.54099
1.31774
1.96762
1.12197
7.35822
0.839019
0.68179
1.38973
1.05075
0.687179
1.92369
0.598251
86.5988
0.637353
1.24632
1.71275
79.4938
0.585381
4.11142
22.1351
1.96304
0.761942
2.69028
58.1392
1.29329
48.556
5.06005
32.4774
4.70959
1.53174
72.5759
4.76512
4.29187
14.1687
17.7585
14.3144
0.68242
1.25997
1.23121
1.07226
0.975111
1.21031
5.82226
7.8069
3.2094
1.65944
35.3456
2.7634
18.2103
1.37053
6.71786
40.3123
0.514734
1.23332
9.41276
31.242
4.58053
3.5016
68.6122
35.2433
0.978469
3.9309
6.08642
85.0378
15.8658
2.70968
4.72132
0.562802
19.364
10.3894
31.2015
2.53786
4.01164
1.53803
0.773594
1.31504
0.571461
17.4321
0.535093
158.767
0.579798
55.086
0.942149
8.84837
1.10357
77.7847
3.46657
23.7746
3.66482
6.00645
9.82047
1.44417
0.710014
0.70125
3.50923
1.52298
0.53719
8.0828
0.737645
0.766962
3.00114
0.949225
3.97297
141.241
1.77365
0.826555
4.40795
1.07668
3.35052
5.61037
3.03351
3.54383
4.49155
66.8024
2.13912
4.00738
15.8897
7.4732
1.82788
17.006
0.975926
2.2272
1.08148
9.10505
29.8473
4.74895
3.65987
0.972358
1.16691
0.749944
0.534967
1.7435
1.99749
210.201
62.4066
8.75881
176.231
44.3953
0.549039
23.4866
11.7786
2.02386
0.660349
9.44238
0.5425
3.104
1.29122
0.719219
29.8004
3.00273
4.34946
17.2056
3.17091
7.20479
14.3974
8.94447
5.31608
96.6804
33.0879
2.78982
0.940702
10.2498
4.6859
83.4295
20.0893
13.0335
3.28961
0.971707
2.32956
7.55443
0.585507
33.0712
170.21
0.555583
0.665228
4.80305
1.34776
5.08052
2.85526
0.850766
36.2594
7.38285
1.38738
55.6496
1.48333
0.726801
4.42366
6.00863
8.37611
11.443
8.13123
7.53563
1.36286
1.19664
12.4979
4.92342
14.5201
0.589407
1.49843
123.728
8.70765
5.40915
11.6993
225.68
148.335
0.615436
0.741472
0.607871
1.11005
3.53387
4.91069
0.627332
0.564913
1.08885
17.4852
24.5642
82.9053
3.04808
14.7436
20.987
1.5063
6.40435
10.6494
0.941174
73.0439
3.01526
3.73513
0.908737
1.07187
0.533607
3.5353
408.545
0.854432
1046.15
46.4936
1.55424
3.37062
2.57466
82.9612
8.14484
29.4031
6.06415
2.67288
5.72182
1.70456
0.648911
14.3374
0.63502
2.08777
1.6278
10.3425
62.6412
30.7635
10.9317
1.27125
2.38337
1.90699
1.56124
1.71543
1.65226
1.55459
18.7427
0.829798
1.13195
0.614542
46.607
1.05266
10.6915
7.53317
38.5035
2.28598
0.908575
0.621056
0.510366
4.25357
13.3192
7.48229
0.627514
22.2074
1.17272
0.943168
1.14322
3.6798
0.63954
3.02421
6.91665
25.3945
4.36481
0.686513
4.16116
0.826111
0.790576
0.678101
0.559457
1.3743
26.4917
248.386
1.36315
24.3602
1.73471
0.600111
11.544
4.84762
103.635
0.626267
729.786
66.0907
3.12257
1.99589
1.14946
3.88538
2.38161
8.09576
2.00873
46.5592
3.99066
2.1264
21.5852
0.605923
5.87617
3.36092
0.66175
0.589188
21.0054
19.1451
4.33864
84.7102
7.06621
33.6026
6.80063
2.06577
0.827895
1.31312
2.1254
42.0254
13.1776
5.76267
15.9873
8.30502
5.08998
0.635699
27.031
1.58652
24.4767
29.5908
1.21171
18.6638
1.82052
1.83634
5.04918
5.30158
3.43616
0.688515
2.6321
259.534
0.510379
15.9789
23.0165
0.679659
1.56303
0.867352
111.323
25.1814
27.69
3.96009
37.9941
3.17387
41.6949
2.51901
1.19873
102.187
3.10727
0.950409
0.940754
0.943456
15.2153
2.73061
269.825
29.6471
5.04613
45.551
1.50903
0.566565
0.875624
4.14886
2.2418
14.6375
2.61864
12.6347
55.2044
2.60562
8.75064
0.581303
2.62169
0.731329
4.13443
4.85794
4.82907
1.54056
270.1
0.715231
0.690464
74.9373
1.16461
0.91091
272.506
20.0201
1.32785
4.69971
133.685
11.34
36.0983
14.0937
17.9704
3.44316
3.28068
5.13715
12.3095
2.04245
3.96984
1.96127
3.92592
0.722686
499.175
1.12758
1.81927
1.02807
9.81306
2.33674
0.895496
10.6124
13.7407
2.87797
1.2209
217.985
5.86628
0.712644
46.4742
0.990883
654.925
3.68775
21.1276
0.542424
0.708403
39.6625
5.63269
162.046
7.67319
4.13494
84.1924
20.9969
2.33579
0.804767
0.523677
1.63277
0.753429
490.992
1.24027
1.20088
0.629705
2.09578
1.21959
88.3349
4.30742
3.17052
2.57644
13.5966
1.60004
10.8234
69.0758
7.32198
2.14961
0.903767
2.06792
8.8826
0.626811
14.8405
4.61741
2.51702
1.227
1.54838
9.47652
2.60345
1.49772
7.43879
8.01108
0.723499
9.02464
405.301
7.45347
0.590898
4.3758
0.569834
1533.13
238.281
1.21758
0.53046
0.969192
2.39273
0.58016
2.86779
2.36795
3.99142
4.8029
0.894067
0.993206
3.4778
1.26952
17.193
3.4206
113.796
14.5267
25.2154
4.04356
4.22372
87.2162
1.7756
8.61374
2.09604
2.0884
0.762424
1.11568
0.924629
9.42394
22.2674
2.74902
4.80276
2.50382
1.03711
15.7492
10.5249
0.561723
2.04308
0.965774
1.74374
1.21116
2.97728
1.90519
1.84678
25.3977
8.78426
1.16512
1.39486
7.76876
7.74882
1.31256
2.20237
109.747
1.34106
124.665
25.2131
86.1983
1.27248
2.44039
1.60702
26.3809
1.37339
12.2333
11.055
2.96932
37.0003
3.87151
14.9136
1.51065
1.13962
12.2317
6.93454
4.9221
1.86701
60.745
0.791367
0.761143
18.3916
15.6832
6.0153
2.02821
7.92494
85.4158
416.669
0.598981
1.67605
1.53713
70.8188
0.519014
8.09637
2.12642
72.4683
55.2117
6.14637
0.615389
1.36262
1.57382
0.691492
27.8624
0.648547
138.97
138.278
1.75845
5.74351
2.85239
17.0048
35.2909
5.05395
7.44647
1.28568
7.01058
4.26416
0.938854
3.14303
1.76318
1.30333
0.774451
3.58023
1.07067
1.55949
23.8419
10.1237
0.883839
5.99469
4.04508
82.2277
43.7194
0.626502
15.7146
34.6374
8.82047
1.88982
339.767
10.5023
142.112
41.0671
7.3776
1.35265
3.09034
2.24399
0.739539
10.4798
62.9712
1.9969
206.384
0.620613
22.8925
77.4411
2.30749
2.37365
22.3791
7.97813
0.550046
1.00321
3.14561
0.675626
1.55301
0.684636
1.79649
1.88646
5.99319
2.76252
7.9304
6.35378
21.8848
16.1046
13.1322
1353.03
5.94559
486.954
6.6993
2.8032
1.78875
56.1706
72.8132
9.52111
26.735
0.711307
0.622756
33.3731
2.60934
12.6655
1.14754
75.2371
0.624826
0.670134
49.3436
0.514703
6.29582
2.69317
1.12381
2.32234
0.999051
59.9129
100.883
1.18972
5.21642
0.692021
23.7453
22.5656
2.00603
3.31165
2.75347
0.606787
60.36
1.08631
1.09434
2.51206
20.4075
1.3331
0.554783
0.961166
6.8489
217.414
0.718747
0.703314
0.631969
0.602956
30.8071
54.5212
4.37875
1.56671
98.2377
4.34901
24.5197
1.46764
3.46978
0.728851
10.0687
4.48236
0.954241
0.966632
69.3491
140.738
2.27487
3.61275
6.55103
4.15488
0.595503
6.89644
0.541762
1.1279
7.9697
9.52491
1.03787
1.58668
1.32889
2.71292
3.07645
10.8495
1.46677
6.23617
7.99347
4.54135
2.11735
4.40123
12.725
15.0613
103.091
0.875291
1.62748
0.607858
17.9968
1.89234
4.60572
1.31166
1.91424
31.8866
11.3968
2.67484
13.1244
13.6945
1.74253
0.643969
0.950083
0.686177
28.4068
39.9972
65.3935
0.547877
23.6687
227.371
25.6278
0.536793
93.8725
3.45464
2.20779
7.20056
0.833533
3.23345
69.9675
9.93847
3.55507
3.75182
0.755946
2.5138
0.603458
21.5075
0.534341
15.5263
19.7752
38.4978
3.734
17.5007
2.47488
0.753246
58.5593
2.73945
0.662184
1.56862
1.65644
7.34415
297.608
8.2279
4.61109
369.779
19.7553
5.01994
1.54204
5.61614
2.88028
3.76372
38.1678
1.42252
8.0919
18.6357
1.22309
1.02454
2.51238
1.57976
27.7394
0.866581
3.61722
442.848
6.7097
9.15884
28.1981
1.57692
0.812597
4.3691
5.12191
0.60684
6.25543
23.597
0.937842
6.99551
16.6922
9.28773
11.1123
2.16596
0.785073
1.6115
1.34188
2.81517
24.7046
0.697172
4.12734
0.824068
1.11873
8.81018
0.751606
12.3046
0.681894
10.8187
0.622571
1.29008
121.161
83.3551
1.69119
6.42939
30.7089
11.1184
2.07314
1.10819
15.9283
26.5862
84.5493
0.593061
0.72174
28.267
0.622082
32.8657
2.26851
1.45904
4.59947
0.684384
14.6262
80.2801
16.0048
2.16027
0.625422
0.635447
0.690275
3.15234
3.9103
15.9389
0.574866
37.9281
11.4005
1.91387
0.751699
33.5586
1.99154
3.1116
6.35458
0.937623
2.04595
15.8426
13.0308
13.2587
0.769723
2.19357
1.73024
6.86209
5.81916
4.20934
377.207
2.01951
1.70244
0.768878
0.625469
0.736777
1.14574
37.843
3.43976
4.50147
2.74219
6.14405
45.3868
0.550395
31.5834
0.517773
3.37601
218.352
11.1049
6.23231
149.492
1.16623
6.97491
9.13855
1.45618
1.64086
1.41616
3.73694
8.61231
3.97801
11.7338
0.552956
2.25681
0.851046
5.47013
5.32512
2.65708
8.04253
20.4979
2.90839
0.831745
0.615035
3.42186
4.90938
0.891
12.1061
1.58555
0.598977
34.0445
27.2886
0.548258
1.38232
1.31614
72.6666
2.72869
0.636456
16.3665
0.731876
2.11497
1.08302
1.38611
18.2168
57.4777
0.712516
10.0082
1.12782
1.16808
7.75196
0.847912
7.46714
12.2075
1.64446
39.1349
0.713173
40.5774
0.555689
602.001
1.70635
0.765906
2.20686
0.835224
6.39397
42.4012
0.872726
9.16073
0.626759
21.954
6.74932
23.8914
2.62826
1.63847
14.4048
0.698673
0.583272
3.19144
1.74708
8.72902
24.6215
8.39341
21.0694
5.66603
7.80962
2.65262
7.39014
4.29356
5.70882
2.44751
14.2063
1.15645
3.12033
37.971
0.90761
0.53602
6.15712
2.12595
21.0267
2.59378
1.31166
2.83583
24.6948
9.09121
0.520904
4.4414
4.85587
3.12085
1.30109
30.1382
33.2227
0.533163
1.05106
2.53509
18.62
3.41452
1.19268
11.7354
2.28127
2.64942
3.07457
9.07299
1.96653
11.2391
2.8487
0.821733
3.02552
0.856855
3.4505
14.7813
0.817506
6.13246
1.01785
4.56902
15.6865
0.538426
0.792599
1.79958
5.60429
2.44884
2.97995
162.237
0.740529
26.8369
1.84992
8.6576
192.576
11.2764
6.22585
67.0694
26.28
1.04948
5.39909
0.587598
1.42283
5.59422
1.31529
5.19611
3.14648
8.44731
1.6637
0.914659
52.7612
1.50864
10.6759
48.4661
4.26346
0.990361
2.40176
21.3027
4.60619
0.744074
9.46464
13.1678
1.83559
9.71183
4.93726
2.33151
0.704524
23.9743
12.909
9.2388
60.1833
18.5003
11.2309
0.532502
30.2786
3.70965
5.57833
5.6483
13.2772
26.145
10.1647
7.5327
4.819
0.503335
2.02931
0.913466
31.1147
9.87526
1.58733
1.82918
1.73619
1.69285
0.651206
0.598022
3.38087
23.8507
1.42739
5.48727
12.305
0.872784
3.11182
1.21674
68.0075
62.3628
0.873557
6.38125
23.4932
15.3301
3.69992
37.5814
0.94529
1.98262
0.969877
13.5005
1.34766
2.42996
9.84967
11.4847
0.94297
22.9954
7.26241
0.81242
0.69101
3.13362
15.3825
16.165
6.04188
3.49621
8.06457
0.991319
79.8585
77.8141
6.9085
4.53336
1.69382
8.32636
1.18206
0.531834
0.511936
1.04936
4.2164
5.78009
1.52684
4.10986
2.07073
0.868385
2.94125
14.3172
0.90328
0.903649
0.820299
0.556527
1.54039
11.8381
4.34907
2.43769
4.01883
1.52228
0.555256
13.5324
23.6559
1.13362
2.51039
2.19215
5.98807
80.321
28.1488
1.77912
8.54401
33.9053
6.65147
3.19285
7.13262
1.16595
1.39176
0.823658
5.52351
2.59006
1.02401
2.45745
7.45873
125.639
21.0762
0.528204
4.88687
47.9012
0.687168
8.69168
2.19336
27.6284
6.60138
0.963926
2.31902
2.54748
2.62473
25.9961
1.00397
20.7085
1.98513
4.75044
3.64167
3.10228
3.14533
50.6349
15.1567
1.81596
64.9297
5.20847
6.05806
1.00934
1.50502
1.18591
3.72891
10.2529
6.16589
65.6107
0.960466
3.92033
0.708904
0.930098
34.5952
1.57645
1.04513
0.53839
1.03435
2.30298
0.679999
2.1071
35.0104
1.1606
0.911986
0.787135
0.777058
8.43398
3.49618
18.9251
154.92
0.569894
6.31335
0.790184
13.6681
2.07803
3.37096
0.708805
1.65852
3.75218
41.442
1.05481
1.40359
18.4678
0.987395
27.2028
3.16933
5.48407
6.16918
1.2926
6.42851
1.07999
1.4958
8.80935
5.38802
2.83981
0.719267
0.861203
5.2276
12.255
0.79544
1.00679
4.05505
3.90613
0.605619
4.25514
1.32141
72.8918
4.97451
6.81512
7.15068
0.739823
133.155
0.60584
13.8485
9.86826
1.54707
10.8078
1.9403
1.20404
7.45262
0.863084
2.23584
1.32832
1.88825
6.95889
1.32801
2.35031
1.49373
49.3128
5.89366
4.72128
11.1636
1.32839
15.6578
5.93226
0.619818
0.656287
1.36537
0.69359
2.18783
0.857909
2.7357
46.2604
2.96267
1.98301
6.40905
1.17514
15.185
7.81865
3.43801
4.20111
161.836
18.3968
221.697
8.37789
0.643219
2.10906
0.590681
8.31939
12.571
0.962166
1.23251
4.16014
0.747534
0.713031
32.871
3.91925
1.39028
0.592159
15.4499
1.1914
112.822
15.6594
1.03995
1.1499
85.5894
2.79672
1.47373
3.37325
1.46481
4.90217
2.8358
16.1585
1.74964
0.963183
1.8526
1.8362
2.82782
10.1705
9.16956
30.4437
1.03634
6.4147
12.1422
1.20579
2.29452
0.582089
17.1717
2.26651
14.1417
4.60456
2.37699
0.61241
0.660429
0.515203
1.3823
259.414
0.706822
0.514082
19.1405
307.681
5.43248
5.34266
1.96263
0.575132
0.649356
1.94267
1.48323
2.65902
14.777
1.34902
15.3713
1.36021
22.1819
3.73082
1.63694
3.62236
2.01123
3.90849
12.8816
2.78318
1.79805
0.787356
9.15689
5.95506
0.755665
14.9543
0.747494
21.7944
11.2588
6.79233
1.77891
9.09826
23.9002
9.38802
1.21141
5.14046
26.6558
221.507
2.30322
15.6162
26.784
1.03536
96.4816
0.822914
14.2079
5.50601
3.53785
443.543
1.98808
1.94096
39.4765
12.9735
35.8111
3.93404
5.62374
122.238
1.01073
2.71277
13.9168
2.33727
1.3691
9.8649
39.8152
2.55101
2.44026
1.24425
2.00388
24.2412
3.69672
1.04336
5.09388
22.751
1.38358
0.69067
217.881
0.672552
1.82572
4.82433
2.0764
2.84006
9.11648
0.522744
0.715717
3.46987
1.71114
4.02127
4.7858
0.539485
35.2188
1.50347
0.981415
4.62353
3.868
30.2664
5.1821
28.056
0.916298
4.11005
0.79244
3.80472
2.66284
2.48458
2.51969
12.3553
0.609184
0.94952
3.00642
0.757348
3.48091
2.95541
0.664062
0.648625
0.514299
0.73661
3.29728
4.21499
4.57064
1.07359
3.12057
6.5164
0.715225
3.9787
10.6043
1.51863
23.2478
1.5673
0.986693
8.77867
159.132
3.72427
10.1776
1.48272
0.726903
4.29063
5.70073
1.82867
10.1034
1.2348
0.947458
23.1755
23.3899
1.26438
85.0803
2.03079
3.72059
2.79491
8.24866
5.17787
5.05363
0.853765
0.592817
27.1908
1.41312
2.96436
5.72575
71.1699
4.2536
1.73418
1.454
3.02259
0.940992
3.37989
2.94969
72.9614
2.79974
0.557904
571.29
18.9242
175.485
0.768571
2.24429
10.973
8.44691
5.52224
0.533399
0.588489
57.0452
81.1936
2.69613
44.3535
0.85118
1.05496
0.799824
0.996665
12.0351
0.984468
240.223
7.32192
24.285
7.74188
31.3316
0.979026
49.6004
4.1034
31.0246
0.652723
4.40074
4.13452
1.28783
5.58471
59.599
1.1755
19.1102
0.78512
185.229
13.5554
86.147
10.9241
6.43713
13.7748
2.56908
0.606921
7.15121
1.09989
0.800195
10.2045
2.05548
21.7299
1.06109
1.56008
27.6287
5.25732
0.641613
5.0518
53.0874
1.54378
9.49002
0.997195
2.56769
24.5388
4.71422
36.3212
6.86367
230.362
0.618858
2.26053
0.810656
0.856116
0.862632
4.30171
4.77422
6.89113
0.787618
1.92127
0.895111
18.1681
0.976859
2.27283
8.83624
1.29354
11.389
66.6655
4.47261
16.9977
0.542988
1.65246
4.43457
0.830903
4.61772
23.1437
0.563347
0.752045
4.43388
7.32669
12.3955
3.89322
7.34162
17.0595
1.68659
1.30479
2.44058
4.55105
1.22866
1.73675
6.5219
4.22662
2.37634
0.583564
3.19928
0.890625
19.9173
1.96603
0.870662
2.90347
35.0152
10.0987
4.72
0.69163
70.1303
1.28407
18.0942
1.91804
15.0126
37.6049
10.4371
12.826
2.7325
1.64119
4.08442
1.87736
378.316
0.873545
20.6695
8.14761
4.80486
52.9454
5.43699
1.26352
5.37179
2.38446
7.93776
14.3204
0.987641
30.1859
2.13264
7.10104
9.8377
6.16767
2.68537
1.52307
2.08726
62.6993
0.981075
1.14501
1.09079
4.06623
0.628811
0.681387
2.11299
0.706894
0.743523
0.710023
0.999962
12.234
18.8828
126.717
117.799
13.6002
21.7287
4.0332
8.18853
133.083
6.21118
27.7888
0.919495
1.21714
5.57405
4.1688
1.28673
335.709
4.33891
1.62137
4.1812
3.36009
4.45747
0.612204
36.5135
40.8527
51.9516
5.71148
10.7263
0.980728
14.8794
4.99774
1.58241
15.8251
17.0585
3.56859
7.03234
0.845268
33.167
0.950397
1.16309
3.57908
25.7552
25.7266
3.19218
13.2563
0.592725
1.14491
1.17173
33.7623
10.5675
4.43262
5.27536
63.0946
2.4341
0.696295
24.4122
4.41055
18.8081
2.98549
1.00795
6.58388
3.27417
4.4349
69.4334
0.801977
5.31549
1.02835
0.515282
2.9647
3.39228
9.95973
2.2593
0.638346
1.02473
38.3609
1.01005
64.9862
22.6973
1.93971
1.13245
22.6055
2.17896
0.623526
8.86983
6.76217
26.9541
5.96952
1.40638
34.9448
42.3454
4.83366
3.56683
0.692715
1.3065
12.9477
1.39176
0.647537
2956.98
0.645612
248.518
1.96984
2.79532
1.20853
13.5094
0.652659
0.568518
68.5568
1.04447
12.5876
0.810084
11.7104
79.3142
1.4472
0.556876
80.1457
17.8309
1.55428
2.25786
0.794845
47.0494
1.43292
0.659228
4.6674
0.986739
0.846446
1.65005
3.73074
0.671663
43.893
11.031
1.80901
0.946334
2.77402
16.9261
12.5512
23.0787
1.54003
0.50783
33.4708
2.44567
10.8019
77.0893
354.33
1.24108
4.05345
42.3325
1.0023
1.34855
1.33855
3.06978
2.25024
1.32895
0.893956
14.2891
39.9748
53.2429
1.53858
15.491
4.86078
1.36819
12.304
1.29199
1.78101
0.673174
1.57418
5.01643
63.1691
1.84046
0.840841
54.8116
1.49094
0.582351
4.0473
1.91971
271.14
7.53383
2.52854
0.927845
5.76107
50.5699
5.57146
0.999145
8.48538
2.96647
7.16738
1.83694
1.77559
1.67873
18.3942
1.80154
1.58387
0.913073
7.23978
5.57032
1.6079
1.15786
116.356
0.563236
7.78884
36.4743
0.503108
13.8069
2.24978
5.03629
1.92408
23.8544
6.11948
4.03757
0.950354
117.782
3.27281
265.469
128.898
0.57756
1.23353
0.841673
2.96844
4.45242
4.80533
22.882
54.4019
19.321
1.38526
1.0689
3.23334
6.87408
2.38441
0.684341
11.1347
1.74032
1.66763
2.93702
2.18237
1.80604
0.710083
2.67169
11.5885
5.11489
18.606
1.13312
0.710954
2.16246
1.29575
1.47954
4.65162
1.49386
0.7231
1.38871
5.86619
10.912
10.7047
6.85312
2.44218
6.6094
2.9976
3.90823
0.915342
3.46759
6.29695
5.87767
0.707
3.79538
0.651408
4.34723
1.16853
82.8753
3.95039
13.9951
185.757
1.03004
6.99706
0.753644
5.91836
93.3902
1.27432
0.96213
2.76517
163.156
13.206
0.944934
50.405
0.599249
195.523
15.5729
92.9913
0.600701
4.31478
2.5797
0.86278
0.703509
7.99445
9.48416
37.0963
1.49318
2.54783
0.671201
59.7385
3.62394
12.0326
12.8766
50.8105
1.01541
11.4701
3.08566
183.842
1.01236
28.7997
5.97769
5.43184
3.52842
40.6785
5.10758
0.628886
31.656
22.0937
9.29581
0.784521
0.888202
0.563616
7.32546
0.682848
0.587379
35.3126
13.1336
1.89606
2.57904
0.522045
17.5047
1.18014
5.76237
0.518739
19.7043
1.10309
0.673412
1.87823
1.32465
23.8019
1.67258
41.9809
5.76081
16.7604
3.20653
35.1091
0.770564
3.91183
1.73014
44.9008
54.9928
3.22057
0.705354
6.88655
0.597372
70.7658
1.55513
3.05706
1.19635
0.947731
12.3767
2.47935
3.45934
0.865028
15.5611
18.9595
2.28987
34.824
2.70726
13.4295
0.605837
6.01164
2.07939
4.21005
3.89181
3.99523
9.81291
1.37779
8.9838
32.4781
0.66198
1.07059
1.1206
0.806024
1.55191
21.961
49.6646
3.86137
1.92124
14.0427
0.524042
0.829441
0.526167
0.822581
1.08623
52.7147
0.510866
1.68128
9.88519
6.68088
51.076
4.2513
6.2463
0.568768
0.876613
0.576888
9.04389
5.95963
5.58897
0.966327
0.88833
4.63255
1.21264
0.853169
1.48336
1.22507
0.980251
0.73421
7.1684
61.5748
3.01429
4.74129
8.44669
6.15835
0.999661
85.2489
1.09773
10.4361
8.34897
0.554102
1.82619
3.54426
4.04771
5.46712
12.8706
3.17773
6.02473
2.98455
0.855345
3.40027
12.6603
25.4675
8.46161
39.7009
6.78226
15.7986
18.2216
2.23898
12.1116
0.914248
5.97189
9.11971
22.7466
14.5345
23.3335
2.7283
1.86235
2.06863
5.13005
0.572986
39.4981
3.46758
1.6853
0.517259
3.02533
2.32768
0.951991
1.20745
3.07726
1.33822
9.03142
1.10801
4.20327
29.2918
3.02643
6.03978
5.38077
3.26211
2.87735
1.36697
4.17673
2.04259
60.3703
14.2672
0.648735
0.666241
2.59401
1.73292
2.38441
10.4974
5.61139
5.50911
49.5279
0.669012
3.84637
1.35376
48.4842
0.532755
0.535759
5.49917
26.3573
13.2625
1.04774
55.8039
0.731555
37.6502
0.801659
1.84494
10.2624
0.644798
51.8183
1.82858
4.0771
28.2824
1.05641
23.1833
72.8176
1.2326
42.5465
0.580367
6.42512
0.732888
18.406
15.6942
173.754
47.145
2.45123
0.812392
8.92644
2.90738
60.9798
0.535694
216.68
8.37727
1.03471
12.2986
36.91
3.91676
0.579672
2.0103
22.2321
7.83993
2.48772
37.712
12.4247
14.411
1.6957
1.48534
0.590725
2.11804
18.1509
2.30726
7.12651
25.5882
6.22972
7.46592
0.679848
1.926
86.4059
3.84543
121.22
1.14004
4.84009
1.76446
9.38149
16.7813
9.56964
22.3392
3.1476
2.35697
0.580751
10.2464
4.33576
2.87304
2.35589
3.025
2.19474
1.44548
4.88934
7.65863
1.08209
1.71961
2.30535
3.24458
2.60356
10.67
0.599785
0.642263
4.50338
1.31434
16.4345
28.7079
4.83835
0.818558
22.9028
4.54631
0.638918
0.665789
56.9804
41.0393
0.517698
0.679859
27.1213
3.11958
11.564
2.9015
10.5642
3.25018
1.6329
23.0896
4.5719
10.5219
4.22436
1.52766
68.3147
6.02861
1.8363
35.5459
0.693661
238.571
2.39971
0.715234
123.463
1.57645
4.92154
11.9202
29.5304
5.4508
1.24481
4.7122
1.67512
4.97284
71.0484
12.8277
4.60947
12.4053
14.2379
0.814822
3.45484
457.67
31.2424
1.49315
1.31349
1.26105
15.8734
68.2132
9.2088
4.22224
1.61817
5.75272
1.02716
0.556612
72.2833
0.863627
1.91954
10.6018
48.3913
5.04606
0.749718
1.98781
1.19979
3.01828
32.4435
0.516996
1.69389
1.53242
0.720133
9.26688
0.660421
0.701939
15.4116
55.1606
2.83452
0.738165
1.16292
20.9096
3.93108
2.72092
5.584
3.02106
60.3251
1.10757
0.982913
0.670861
1.42314
0.806067
4.70448
3.33458
0.814066
9.33109
56.9653
6.06044
0.51679
145.142
12.6078
136.525
24.5816
36.4105
4.59814
2.10867
6.23715
1.15865
6.97379
0.514213
3.462
40.5189
3.78254
86.5532
2.10401
20.6923
0.969287
19.114
4.82836
2.25155
0.5158
2.13435
4.66579
14.7594
62.1763
159.685
33.3692
1.38322
1.97756
12.4154
8.18468
71.0761
387.637
253.746
54.4402
8.31313
40.8927
75.9056
2.52465
1.43677
1.08576
0.97106
0.67136
4.98081
0.868061
1.0672
11.5509
4.40875
6.91892
42.1915
15.8185
57.1999
3.68978
68.7776
6.08159
4.30917
51.0545
0.975063
156.086
2.0462
0.737826
10.5443
1.77808
156.775
1.64362
5.59825
0.657051
14.316
1.0742
11.377
1.65409
0.545326
4.03382
3.73121
16.3337
61.5688
125.064
15.807
5.2457
0.656505
4.57162
4.6782
2.32708
10.1401
26.1312
1.02898
1.01275
2.55734
1.29417
0.602028
0.870395
0.731161
30.9748
82.4127
0.803958
8.60229
16.0963
0.637444
4.25076
431.899
11.0307
2.16429
1.38659
0.5476
7.46535
134.205
1.03415
0.556633
1.22004
16.3505
1.65373
1.0268
3.32444
4.80338
0.669182
2.26021
1.50548
1.25442
0.855556
18.3591
1.24918
0.550293
5.1117
12.093
1.0532
1.38752
1.24222
1.85892
25.3709
2.66383
15.0732
0.891542
1.7619
18.8206
1.04269
21.079
1.27355
1.92857
77.2325
1.63696
4.1353
9.82662
4.776
5.02721
2.92764
0.700994
5.95525
1.12817
13.3268
42.7719
0.573453
42.9198
1.69469
2.59196
0.938334
4.46274
3.60691
23.926
1.11706
75.8094
10.7721
3.76069
2.39351
1.97235
2.17751
4.30686
2.28961
1.25498
4.35326
1.01039
5.68067
2.23997
11.4513
20.1514
20.1359
5.63567
6.98611
1.92546
11.0411
13.7104
0.618285
6.29326
42.4408
1.83298
1.36149
1.67383
0.634022
3.99722
3.38617
4.53116
6.74607
1.05102
5.19453
7.09556
1.52349
6.79802
3.69444
1.26922
5.28544
2.0198
11.4587
2.18483
0.706072
5.13657
4.80082
0.812774
12.6956
11.484
0.977133
1.22669
2.5462
1.09589
10.2844
4.16176
0.8051
1.02469
29.7371
59.1229
8.48415
2.28149
1.62758
8.66126
3.66401
0.608594
21.9074
40.6092
12.3758
0.80629
1.2606
0.566176
66.6614
1.83179
289.544
136.202
0.94626
1.15933
7.40593
0.581343
1.63143
1.42652
110.704
4.25105
2.03797
1.26877
16.7501
1.5066
2.95821
1.25711
0.630671
0.870808
1.49606
2.10559
2.25269
2.77541
1.52288
40.8767
18.601
2.57463
5.02002
1.79152
0.509215
3.33201
5.50896
0.608032
7.88036
2.05092
5.84343
2.14741
33.6787
4.7736
20.6828
24.2944
0.789641
1.12
7.20747
1.80856
2.18672
36.1279
1.96121
0.891465
1.01294
214.23
2.40325
0.677551
0.578952
1.27937
2.33484
18.6441
15.4497
3.184
1.596
5.86128
0.582291
143.402
10.5564
15.894
0.817173
35.85
1.58325
0.904495
3.01345
2.89861
0.814405
0.953902
0.888111
0.895569
1.75083
0.668981
1.18198
22.483
14.6063
0.832951
18.9748
0.553244
350.624
37.1212
1.3874
6.34071
0.664995
3.56757
2.38264
1.01195
1.5649
1.37461
0.78267
0.988559
0.652028
15.5995
0.921378
0.735972
15.1291
6.19302
14.0855
17.4822
131.462
2.48957
0.64731
5.17428
1.21319
0.900512
3.81962
15.856
1.01069
35.2707
0.875601
2.16895
6.38623
1.75132
0.577925
17.8712
1.2812
12.5588
0.716907
0.805174
15.7544
5.87101
1.63069
6.02931
0.903299
3.88894
4.01524
1.78716
1.01142
3.62832
2.93522
1.57075
0.843823
3.28697
1.57611
0.843243
3.46554
68.3033
1.80518
54.8559
187.043
0.903799
3.2679
183.13
2.63366
3.42596
0.596327
1.43864
8.75796
350.721
2.33673
0.597759
0.663573
3.03051
29.1288
10.2251
7.32445
37.7737
1.14374
3.3241
1.46006
2.07947
0.863296
1.86622
3.0717
1.79312
2.46969
6.61094
32.8752
37.924
12.964
0.71872
1.82205
2.07056
1.2303
5.89085
0.612067
80.9095
30.179
7.57385
2.90075
32.2432
11.2921
25.3604
2.91547
97.8805
28.544
8.03134
34.0134
1.67548
0.763158
5.67118
2.92497
2.33046
31.4578
4.29726
5.10498
1.91325
16.3354
11.5646
16.1008
1.50549
37.3987
108.005
15.1447
1.03871
1.0464
1.78306
1.37919
2.858
10.13
5.35449
4.57381
2.17799
2.84505
13.8718
0.54861
3.15706
5.33545
13.5288
0.860562
0.824387
9.24
0.560271
39.5319
4.77671
61.902
0.809083
1.63574
0.522021
1.05356
2.38195
0.553642
1.7346
0.551064
2.1243
27.4565
3.03461
75.4195
13.5996
40.7977
1.08867
1.06086
5.92613
0.615856
7.47469
1.92214
39.3611
11.0806
24.8715
1.10145
22.6186
49.3828
3.01575
1.11959
1.14174
32.8957
583.794
0.881635
0.827247
17.6642
1.1018
21.3366
7.39428
3.091
7.07019
6.31474
2.39797
0.581047
4.38569
63.6884
0.608877
0.893935
6.8831
3.4364
6.68647
1.17123
28.2967
3.4856
11.4569
5.65803
4.36125
10.0226
4.44708
0.751478
24.42
14.4608
0.540208
1.23462
22.3614
0.570379
18.4418
2.54942
40.1688
3.21205
1.14138
5.53378
3.05801
1.03703
230.18
0.889771
0.530626
64.7896
1.34609
2.00148
1.82868
1.36996
1.0872
0.870229
3.59417
1.71656
12.2133
7.63768
0.925273
3.87719
1.6786
0.874067
11.2926
2.63262
1.7031
0.991087
0.847888
145.616
5.80281
0.806586
5.33428
23.2379
4.30013
42.9379
0.624229
0.550659
5.07696
5.22558
0.503417
1.28102
0.861561
0.667983
0.859844
9.4493
0.855294
0.880509
0.606713
34.8918
6.98353
0.518598
0.881181
8.32275
35.7613
15.1096
1.8346
0.557111
15.9947
2.00111
3.61966
2.40629
0.680674
6.1322
4.77557
1.66
7.47416
0.674122
2.08724
3.3641
0.584597
2.92494
12.2905
1.98222
3.039
8.87029
1.75157
1.99841
0.758359
3.13828
1.89139
7.87562
8.88899
13.7291
1.48362
0.534974
12.4805
6.93815
1.26293
8.74726
0.649991
21.8378
1.8948
1.01796
1.28396
2.21092
3.15376
3.49385
1.65118
4.55714
3.26367
1.24442
1.0508
9.67728
8.25744
3.54735
17.76
0.553791
1.37916
0.76911
248.281
11.8185
2.82072
13.5656
25.8442
25.3104
17.6742
2.10788
1.49727
0.896778
7.92531
2.47808
1.6771
1.56043
49.9215
18.7718
106.219
8.33055
3.54624
3.08363
0.853242
0.718092
7.99834
0.919221
4.6492
25.8033
1.21827
152.057
0.87479
20.1955
6.85672
30.1123
0.791593
274.75
2.40113
11.0202
49.3608
1.31113
14.6746
1.08104
44.9304
1.09431
3.4359
5.51404
13.5475
139.845
1.60083
27.0086
140.343
4.28659
1.4046
0.585429
118.013
2.16714
0.866881
0.679665
0.865522
17.6057
23.05
10.5166
4.04194
0.725138
1.13136
0.797233
9.04753
0.824125
1.15149
2.3833
0.596366
3.48483
2.69393
29.5326
1.02743
0.702222
1.78644
0.802346
3.4397
0.565883
1.31002
0.924542
8.9614
1.03734
0.5844
2.3155
5.654
2.08026
1.3004
1.20955
3.90722
0.958912
1.90922
12.6934
0.701363
2.99095
0.575927
4.78817
0.883806
21.3882
0.641721
7.08081
31.7576
0.845978
0.984921
0.911317
1.52868
8.15106
1.37371
0.78883
0.547954
67.4466
78.8347
8.83509
1.03753
12.6266
18.6272
2.13477
3.45275
32.4297
0.60219
20.5223
1.96476
0.793712
0.846244
0.982177
0.74168
94.4514
7.76019
23.3503
8.87069
3.57239
3.65665
1.72749
1.94547
0.662642
24.1568
0.572334
0.827188
152.529
4.06922
4.37839
10.2248
0.624846
0.667364
1.61651
0.946319
2.83985
7.67856
44.2428
14.2657
0.872115
1.78412
1.24536
0.855894
0.725745
76.3399
3.27676
2.23592
7.66004
8.40497
25.9738
1.11427
6.58267
0.939399
2.35834
3.54495
4.20235
3.88936
14.0131
1.32368
4.40926
1.09582
936.397
0.937916
1.16945
16.3837
1.6515
16.3964
4.19155
1.71364
1.1032
1.0612
1.74031
2.41785
1.01491
2.68482
0.80476
12.8271
18.5785
1.16455
1.09431
4.37999
34.649
53.6611
0.664395
20.8404
2.90342
2.99833
7.95903
1.53882
24.8712
47.3956
51.0301
0.568028
2.21718
0.556673
1.08828
0.522483
7.18946
4.71487
1.64431
1.05861
5.594
0.859571
0.813824
0.745408
2.30818
1.34822
1.76052
8.21848
19.1639
49.95
3.56569
5.94762
4.46574
0.595525
1.79772
1.80971
1.47861
3.00458
2.25249
0.878078
2.50962
1.25722
0.514429
0.666271
3.74732
24.6379
0.521186
0.97674
6.94244
16.2429
1.67324
1.1938
31.6689
13.8589
15.6384
1.56596
25.7137
0.555569
26.6137
2.87961
4.01791
0.910448
0.572219
3.87167
8.68898
11.5827
9.43126
6.17644
0.928454
13.1158
0.842582
25.3816
2.79799
2.95612
15.8613
20.6446
13.1959
1.02681
12.9951
1.03282
13.6419
0.657186
2.75385
1.02635
15.985
25.7881
4.54707
4.28944
11.6157
26.0907
3.42889
1.50065
10.4198
0.566043
17.2652
1.1568
2.18126
17.4811
1.6841
10.4226
27.0178
3.88741
5.56775
2.64069
3.92532
0.791473
2.01063
0.706716
0.950438
0.549494
5.10829
80.5943
1.59176
19.2326
26.3261
0.747023
0.879999
20.2193
2.75989
0.70565
1.26055
6.79226
1.05551
0.510577
1.92757
2.17869
3.26891
34.2091
3.52541
4.91883
22.9451
3.2751
195.508
0.717096
0.919666
9.78051
33.9024
2.31922
0.860147
92.5175
1.05725
5.85542
38.1489
1.62388
1.28329
1.39819
16.9957
23.1531
3.40796
117.968
3.39775
36.5413
1.64568
289.814
63.3193
2.60444
48.3983
43.7917
61.2084
0.518988
11.9582
8.54135
7.4737
4.70676
4.96211
35.8847
8.49604
4.69466
27.0429
6.77173
8.09232
114.258
1.64001
0.631149
3.64158
4.67488
12.0082
3.86905
12.8079
407.671
14.0046
19.6946
2.5979
0.670245
0.527427
1.46333
0.515596
8.09202
1.76411
0.696567
4.03159
1.12048
7.19628
11.6926
1.16787
2.1912
4.67783
0.662987
4.67709
0.655356
8.92694
1.63846
0.653649
1.35219
1.42742
23.5356
4.34437
0.901497
74.0623
10.0161
1.88729
0.621521
1.66278
2.24888
6.18633
9.65695
14.1421
0.608291
4.62477
2.47539
576.412
3.59377
1.28246
3.88969
3.1721
0.550891
6.65096
1.96065
3.07698
0.973721
0.804883
16.2646
25.451
6.77264
0.572687
7.64296
0.57488
1.22444
15.85
10.6269
7.27971
38.055
8.83139
0.547929
1.79815
3.00123
2.47885
1.29115
0.846348
331.292
1.74921
300.327
0.777321
10.616
4.80287
0.930031
1.56704
3.13726
1.00246
2.1286
0.523998
11.78
32.1362
7.2445
252.27
11.1354
27.2255
32.8536
0.511087
6.84297
0.671038
0.756197
0.862784
1.95436
10.4834
6.9752
3.15074
12.0348
13.5263
7.08799
0.586379
1.11961
3.36525
12.2859
0.69068
3.1573
0.618689
21.6541
4.91362
0.684101
0.681689
6.39948
43.004
0.803137
13.6078
1.41899
14.603
11.1588
4.2084
0.569337
11.1161
7.91896
6.67717
4.52027
0.968802
24.2107
16.8836
0.816369
38.1597
4.03721
4.01934
2.41036
2.82568
42.6738
21.9591
21.0671
4.43192
16.5923
1.01241
9.23105
2.49975
0.544174
0.613926
1.22184
6.73581
1.22313
1.33341
13.0099
1.39581
39.4241
28.4453
3.33988
12.7671
9.84163
2.16308
15.73
20.9463
0.904594
4.19543
4.1147
15.3684
1.61883
1.32241
4.31141
29.3676
0.746904
0.850073
1.45982
1.87005
0.579566
54.9014
2.59465
2.05238
70.2749
11.9225
1.43161
4.27808
3.00059
49.7398
2.44479
0.651963
0.563644
52.4521
1.06145
10.8856
3.63782
1.68139
2.11657
65.0058
0.650149
1.75494
17.162
0.708818
38.3854
16.6917
5.18137
1.49371
0.661519
11.6796
663.842
4.13928
0.570504
7.28716
15.6883
0.933569
1.2475
1.10972
1.4392
2.42644
0.985876
0.729541
4.35261
2.38641
1.636
3.71035
0.629983
5.10161
1.68367
4.88846
6.5454
26.6096
3.83979
23.4527
1.92786
2.07089
2.76629
13.2847
10.1015
4.06136
0.733291
9.76384
0.985387
0.935267
0.778881
2.80173
31.175
0.894269
78.5346
17.2705
0.645264
1.76421
0.839426
10.777
0.876692
0.60622
1.91701
28.6849
2.3496
6.53085
7.01731
0.632053
0.949892
3.25365
1.39162
82.6798
0.733017
0.941084
5.36024
1.27431
0.508365
130.738
0.817077
8.84603
0.721622
0.983807
0.605836
1.11731
1.24934
2.58521
1.79028
0.652127
1.45332
49.608
39.2365
7.26237
10.7389
168.111
9.02067
10.359
0.618936
0.793681
3.04624
1.0407
0.869387
0.965372
0.657687
1.05835
5.8595
99.2556
13.8827
10.2018
0.605709
3.95076
2.87757
5.36216
1.82131
76.0016
3.52089
4.17094
0.553671
2.69602
27.5725
8.75774
0.536473
1.60589
87.3167
2.51117
5.68014
69.7705
2.49525
13.7243
6.68911
9.99056
6.30333
1.40914
1.61005
0.992061
0.602344
33.2551
3.27365
30.1162
62.7243
3.52477
0.696523
2.33606
1.21014
0.551803
1.49655
2.85591
1.25078
1.08095
0.711174
4.52226
114.767
35.5666
10.5468
10.9942
2.58489
0.573606
1.79841
0.891193
4.20393
32.5222
141.227
3.59331
0.596877
3.5813
3.75344
11.0665
3.1159
3.60507
1.26788
1.95673
8.08722
0.548949
1.94112
11.2596
72.8458
1.72547
29.6
80.3418
1.75764
1.3901
2.38863
2.80734
24.5864
1.07842
59.4171
1.04798
0.716785
8.24893
32.3527
4.38573
6.98939
135.949
33.2632
3.39172
1.64764
24.7913
14.7758
6.77864
1.91336
2.83315
2.52377
1.96121
1.31685
5.12001
1.2463
4.37582
0.540773
1.31894
24.9507
0.948943
9.38357
1.03016
13.3272
2.00048
1.88639
3.53043
0.685101
19.4951
37.3504
1.82305
8.25555
13.4077
2.7648
0.796267
66.4017
1.73981
1.30391
72.5661
9.70841
5.04878
0.890034
14.0395
892.117
16.3159
7.83148
11.9981
1.91025
1.88361
1.84866
1.36079
1.84327
1.83081
2.16634
2.07561
4.91949
3.68224
4.29895
57.5881
3.66917
226.782
6.00347
1.61124
40.9136
2.81856
0.522655
3.19661
2.15144
68.0653
0.951521
1.89751
34.8046
6.48237
2.42916
1.09871
5.99309
3.06356
1.08528
1.14941
1.03315
0.873398
18.103
13.9474
18.1608
3.24285
2.17321
2.2354
21.4514
0.57134
1.47144
0.960846
41.7551
1.54612
0.603108
4.7497
1.79663
1.39239
1.2261
1.17101
11.7135
4.75279
2.32955
0.802257
2.43908
5.07797
5.43972
4.25005
0.929478
0.522229
99.9085
0.698042
0.553402
4.02906
0.589185
1.04357
8.64742
94.6957
6.40042
1.62939
2.95263
0.573009
1.60351
1.60565
4.19381
132.708
0.556496
1.70279
0.569459
1.49329
0.982293
0.636874
17.3809
5.0326
13.8526
1.43865
2.85978
66.4754
3.20353
14.1797
1.29064
11.882
1.4068
0.561247
3.17737
1.56119
0.605445
4.48679
0.955184
1320.36
0.64531
0.740304
15.9731
2.58331
15.356
6.31698
1.34822
0.672357
23.654
0.706615
8.81293
17.5815
2.6089
1.9795
0.88005
7.35848
0.506147
11.8754
3.952
2.24084
4.91322
0.674276
0.521797
7.43895
38.3296
0.583843
0.831224
12.7393
6.07214
1019.13
23.8668
14.9522
1.09003
8.26488
54.5996
2.45662
2.65022
4.10639
1.21964
5.15493
4.92798
52.9559
2.36119
10.9799
2.47559
10.272
2.14853
9.05868
12.1636
0.821965
25.1494
2.44847
1.56227
1.15704
5.43524
3.19327
6.20655
6.43248
9.6813
701.542
3.44287
1.12554
0.547853
0.748918
32.6592
11.9713
0.682689
376.063
5.72539
7.32528
242.382
88.6387
13.4653
14.7738
17.7114
2.17878
5.32391
9.0732
2.60947
0.894223
2.09638
0.876866
3.59177
0.577234
5.87671
0.604085
1.71295
7.94991
13.7274
10.9303
5.65243
0.789805
19.8215
0.80337
24.7678
10.0392
41.6738
3.3569
1.0286
0.704885
0.755851
0.602946
18.3858
23.4848
8.72682
3.04446
168.157
2.7338
4.72844
2.97019
1.8818
10.1018
1.26568
1.16955
11.1221
1.50479
4.05006
1.87347
3.1562
1.2071
1.25489
1.02758
15.1826
4.33347
17.5662
21.6317
1.58347
16.35
3.14259
2.47912
33.7726
8.72795
1.84333
7.72528
0.716227
4.95767
0.635446
0.879538
9.25198
0.51303
100.485
14.9253
0.568765
329.809
571.968
2.39462
0.926144
79.75
1.86673
4.25121
31.5184
2.49966
2.17849
0.713357
1.27021
2.11359
0.728293
0.773659
3.40724
0.567245
0.96845
133.346
1.86215
1.5603
1.85
1.89333
9.08261
7.96132
1.74419
2.27238
38.0452
0.632575
2.92259
4.06261
1.07501
2.65918
0.938957
10.2215
0.687044
23.2523
2.84759
1.60953
0.86444
21.8556
1.23806
0.763291
22.763
0.945476
2.75024
14.4797
4.22816
87.1349
1.01176
2.28421
2.58266
9.91656
36.2749
3.64947
2.56405
0.640018
3.90336
1.24037
9.864
1.69797
2.17988
0.646528
0.572592
112.89
4.02319
6.60233
0.938415
16.159
11.4165
1.04615
0.826603
1.1281
3.06879
4.29701
3.43524
37.0054
1.15057
0.809337
3.21882
0.591981
11.4296
3.80662
1.88254
1.73725
17.2767
16.2414
2.16073
9.37766
15.783
5.81776
2.30231
6.32603
0.840216
3.63369
2.20531
1.74641
0.586031
0.848124
1.52861
16.7823
5.31457
18.3027
33.1494
5.75205
4.09875
0.888296
145.009
0.659504
3.94688
14.8765
15.283
0.769772
1.67374
1.04996
0.551774
4.02773
1.14712
55.7001
9.80311
3.45295
1.55612
3.92202
2.12947
3.62389
122.409
0.823191
2.44005
11.6649
1.72106
64.641
11.0584
1.14547
4.58833
1.16417
1.05249
2.55362
34.5395
12.572
3.09827
13.4665
5.15172
0.761902
2.53343
2.84827
12.9707
1.37552
0.938091
2.98161
1.24763
1.92331
2.8123
1.76353
19.1597
46.4976
15.769
0.578678
1.25281
2.4016
0.567708
0.971525
2.35362
1.60744
3.26572
0.67176
1.58268
4.18334
3.27431
7.14448
6.41297
1.70416
3.95644
1.04882
2.08335
0.829152
23.3934
2.07304
23.3257
5.56823
0.9624
4.99162
14.228
2.8276
3.65207
1.4022
3.35253
4.87452
1.35416
0.813928
36.2282
9.5997
1.40909
4.7178
0.641259
0.552123
24.2662
4.8021
2.97093
4.8289
1724.26
15.959
0.835921
0.594349
22.9002
15.5623
9.0859
1.03486
6.12134
1.13974
10.7324
19.9008
1.41673
26.644
3.92022
7.76993
0.698044
4.82507
1.20386
7.52354
51.6276
5.3503
0.948561
10.0156
6.57133
167.368
5.0174
1.34286
13.1959
2.60569
3.69153
0.924454
2.62789
3.39102
2.60287
1.33379
5.33779
0.928723
0.767673
11.7354
9.85116
0.698849
0.570011
0.861503
2.60308
27.8495
2.50273
1.08349
4.15894
2.66402
0.671699
0.673752
0.683343
387.995
15.6798
1.32909
25.4415
1.37274
23.8445
3.69189
1.22782
11.0871
4.07884
6.52872
4.68294
4.59608
13.9787
477.546
33.5355
4.7177
1.96051
2.31944
0.720412
10.7686
0.857062
1.79058
10.8885
2.19105
1.51554
0.747843
30.785
1.01353
1.34219
0.575512
3.11242
1.89572
4.4107
0.759431
12.3031
0.568671
2.76063
3.92457
3.55124
4.22665
13.6621
38.9515
2.49129
0.892317
8.8431
2.05196
34.598
1.31552
0.988693
4.12403
0.583673
1.56731
1.9054
4.72468
0.870633
0.968134
27.9901
3.14607
15.8218
1.41982
2.93781
4.67481
90.078
2.25903
2.44928
24.9421
1.77173
5.30308
21.0306
1.35926
5.87052
89.7197
17.6609
5.306
2.23561
1.31169
0.876675
56.1592
38.2484
1.23035
5.84079
3.89619
29.5446
6.34509
3.09701
1.42001
5.87488
1.85477
4.72648
2.83511
1.79048
0.888492
8.10184
3.45986
97.5127
0.844835
9.9934
2.80414
181.685
8.6494
5.70374
2.81589
1.16615
5.56719
0.671254
0.687764
21.0915
0.580119
1.93455
0.833453
1.71538
4.43177
19.9746
31.5397
0.932615
1.57045
9001.59
2.14867
0.965603
1.14947
2.16816
1.73927
2.20107
3.10426
3.06815
0.902133
6.18973
3.96286
7.83871
0.588133
4.21987
0.551242
2.41336
10.6338
22.5114
5.80643
10.9938
1.9948
1.48183
593.691
14.7153
0.760288
0.584642
1.57236
29.9807
3.4966
0.531808
2.40677
3.20526
0.521681
3.35289
0.858174
0.569177
67.7902
0.827848
1.21565
1.19686
3.23048
93.502
0.748485
1.97166
3.96158
0.978268
1.92508
9.42628
1.09965
1.88087
1.64716
2.70866
4.92072
9.28567
131.488
0.51334
2.44491
0.677484
1.75767
16.3273
30.3321
33.2672
32.6555
2.41963
45.07
66.7675
4.08802
29.1305
3.45197
46.1254
2.46732
1.30329
0.789389
2.4208
3.71805
0.909956
2.14836
1.44829
0.815388
22.0801
31.186
21.8888
2.79719
3.09928
0.824216
6.72931
4.31623
803.131
24.4078
5.60638
3.00123
20.6381
0.935406
27.0565
0.809039
1.38422
0.568813
9.7827
4.98105
1.38429
0.923892
43.3388
2.58088
1.08591
127.459
1.23043
27.0024
0.771992
1.83657
7.92299
2.92135
4.92613
1.42527
0.611293
51.4657
1.54534
5.34538
11.5664
5.54056
1.1589
28.1474
8.094
4.54527
4.36194
79.112
1.13121
6.73708
1.44435
