   1.0001734e+03
   1.0002025e+03
   1.0003376e+03
   1.0001314e+03
   1.0009511e+03
   1.0000063e+03
   1.0000443e+03
   1.0000556e+03
   1.0000797e+03
   1.0007036e+03
   1.0001875e+03
   1.0001809e+03
   1.0003325e+03
   1.0000530e+03
   1.0000967e+03
   1.0000153e+03
   1.0002247e+03
   1.0002748e+03
   1.0000656e+03
   1.0000006e+03
   1.0002356e+03
   1.0003521e+03
   1.0003482e+03
   1.0003618e+03
   1.0001072e+03
   1.0001495e+03
   1.0001550e+03
   1.0002895e+03
   1.0000310e+03
   1.0001506e+03
   1.0005816e+03
   1.0000014e+03
   1.0003264e+03
   1.0000678e+03
   1.0000406e+03
   1.0001506e+03
   1.0002686e+03
   1.0001639e+03
   1.0003127e+03
   1.0001498e+03
   1.0002927e+03
   1.0003651e+03
   1.0003055e+03
   1.0003656e+03
   1.0000109e+03
   1.0000950e+03
   1.0000633e+03
   1.0000265e+03
   1.0000120e+03
   1.0004225e+03
   1.0000249e+03
   1.0004685e+03
   1.0000490e+03
   1.0000839e+03
   1.0000251e+03
   1.0000850e+03
   1.0006353e+03
   1.0000922e+03
   1.0000682e+03
   1.0001576e+03
   1.0000796e+03
   1.0000454e+03
   1.0003262e+03
   1.0003553e+03
   1.0009362e+03
   1.0000575e+03
   1.0000418e+03
   1.0006110e+03
   1.0005206e+03
   1.0000424e+03
   1.0000545e+03
   1.0000512e+03
   1.0002005e+03
   1.0001698e+03
   1.0000796e+03
   1.0003463e+03
   1.0001005e+03
   1.0001841e+03
   1.0000381e+03
   1.0000678e+03
   1.0006575e+03
   1.0001791e+03
   1.0001503e+03
   1.0002536e+03
   1.0003202e+03
   1.0004109e+03
   1.0003032e+03
   1.0012267e+03
   1.0003190e+03
   1.0000727e+03
   1.0001066e+03
   1.0000017e+03
   1.0002637e+03
   1.0001868e+03
   1.0000484e+03
   1.0000669e+03
   1.0002916e+03
   1.0002515e+03
   1.0002583e+03
   1.0004071e+03
   1.0001227e+03
   1.0000084e+03
   1.0001351e+03
   1.0004775e+03
   1.0000838e+03
   1.0001366e+03
   1.0002159e+03
   1.0000964e+03
   1.0000265e+03
   1.0000383e+03
   1.0003032e+03
   1.0002980e+03
   1.0000982e+03
   1.0000927e+03
   1.0003915e+03
   1.0000237e+03
   1.0000869e+03
   1.0002091e+03
   1.0000252e+03
   1.0005161e+03
   1.0001572e+03
   1.0000031e+03
   1.0005509e+03
   1.0002216e+03
   1.0000039e+03
   1.0002714e+03
   1.0000951e+03
   1.0000686e+03
   1.0008052e+03
   1.0007869e+03
   1.0002404e+03
   1.0000357e+03
   1.0000110e+03
   1.0000237e+03
   1.0000211e+03
   1.0001822e+03
   1.0000119e+03
   1.0002342e+03
   1.0000647e+03
   1.0001595e+03
   1.0001310e+03
   1.0002902e+03
   1.0005903e+03
   1.0006903e+03
   1.0000182e+03
   1.0004288e+03
   1.0002285e+03
   1.0001476e+03
   1.0007065e+03
   1.0004221e+03
   1.0000113e+03
   1.0000848e+03
   1.0000518e+03
   1.0000800e+03
   1.0002563e+03
   1.0002304e+03
   1.0001703e+03
   1.0000023e+03
   1.0001546e+03
   1.0002305e+03
   1.0000442e+03
   1.0003497e+03
   1.0000983e+03
   1.0000578e+03
   1.0001584e+03
   1.0000771e+03
   1.0000454e+03
   1.0002888e+03
   1.0000486e+03
   1.0001158e+03
   1.0001161e+03
   1.0002091e+03
   1.0000223e+03
   1.0002065e+03
   1.0004021e+03
   1.0002943e+03
   1.0000927e+03
   1.0001470e+03
   1.0000827e+03
   1.0002412e+03
   1.0001430e+03
   1.0000696e+03
   1.0003156e+03
   1.0002020e+03
   1.0000603e+03
   1.0000645e+03
   1.0001352e+03
   1.0000383e+03
   1.0004327e+03
   1.0001066e+03
   1.0005080e+03
   1.0000814e+03
   1.0000998e+03
   1.0001957e+03
   1.0001317e+03
   1.0001859e+03
   1.0004116e+03
   1.0001347e+03
   1.0003735e+03
   1.0003159e+03
